Name	     Facies	Depth	GR	ILD	PHIND	PE

SHRIMPLIN	3	2793.0	77.45	664	11915	4.6
SHRIMPLIN	3	2793.5	78.26	661	12565	4.1
SHRIMPLIN	3	2794.0	79.05	658	13.05	3.6
SHRIMPLIN	3	2794.5	86.1	655	13115	3.5
SHRIMPLIN	3	2795.0	74.58	647	13.3	3.4
SHRIMPLIN	3	2795.5	73.97	636	13385	3.6
SHRIMPLIN	3	2796.0	73.72	0.63	13.93	3.7
SHRIMPLIN	3	2796.5	75.65	625	13.92	3.5
SHRIMPLIN	3	2797.0	73.79	624	13.98	3.4
SHRIMPLIN	3	2797.5	76.89	615	14.22	3.5
SHRIMPLIN	3	2798.0	76.11	0.6	13375	3.6
SHRIMPLIN	3	2798.5	74.95	583	12.69	3.7
SHRIMPLIN	3	2799.0	71.87	561	12475	3.5
SHRIMPLIN	3	2799.5	83.42	537	14.93	3.4
SHRIMPLIN	2	2800.0	90.1	519	16555	3.2
SHRIMPLIN	2	2800.5	78.15	467	15.96	3.1
SHRIMPLIN	2	2801.0	69.3	438	15.12	3.1
SHRIMPLIN	2	2801.5	63.54	418	15.19	3.0
SHRIMPLIN	2	2802.0	63.87	401	15.39	2.9
SHRIMPLIN	2	2802.5	58.32	386	14885	2.8
SHRIMPLIN	2	2803.0	56.61	369	14.8	3.0
SHRIMPLIN	2	2803.5	55.97	352	14.46	3.0
SHRIMPLIN	2	2804.0	63.67	344	14745	3.0
SHRIMPLIN	2	2804.5	66.2	342	15135	3.0
SHRIMPLIN	2	2805.0	61.27	346	15.48	3.0
SHRIMPLIN	3	2805.5	69.48	354	14675	3.0
SHRIMPLIN	3	2806.0	76.37	354	13635	3.0
SHRIMPLIN	2	2806.5	82.2	348	15055	3.0
SHRIMPLIN	2	2807.0	90.25	346	20.23	3.1
SHRIMPLIN	2	2807.5	94.38	358	24015	3.0
SHRIMPLIN	2	2808.0	87.44	377	23.58	3.1
SHRIMPLIN	2	2808.5	70.98	401	18395	3.1
SHRIMPLIN	2	2809.0	64.72	439	13815	3.1
SHRIMPLIN	3	2809.5	54.29	0.47	9.44	3.2
SHRIMPLIN	3	2810.0	41.46	493	5255	3.4
SHRIMPLIN	3	2810.5	50.93	524	5265	4.6
SHRIMPLIN	3	2811.0	72.79	543	11.76	4.1
SHRIMPLIN	3	2811.5	95.34	555	17665	3.5
SHRIMPLIN	3	2812.0	102.35	558	20145	3.2
SHRIMPLIN	3	2812.5	79.7	549	18.07	3.2
SHRIMPLIN	3	2813.0	66.69	0.53	15.72	3.3
SHRIMPLIN	2	2813.5	73.68	521	15.98	3.3
SHRIMPLIN	2	2814.0	71.05	535	18.02	3.3
SHRIMPLIN	8	2814.5	57.02	628	12.09	3.5
SHRIMPLIN	8	2815.0	43.29	702	6705	4.0
SHRIMPLIN	8	2815.5	36.06	762	4595	5.0
SHRIMPLIN	8	2816.0	46.0	823	4.62	5.5
SHRIMPLIN	6	2816.5	60.3	915	5.01	5.6
SHRIMPLIN	6	2817.0	75.22	999	5295	5.5
SHRIMPLIN	6	2817.5	87.19	1045	5.32	5.4
SHRIMPLIN	6	2818.0	86.86	1064	5785	5.4
SHRIMPLIN	6	2818.5	88.0	1051	6.38	5.4
SHRIMPLIN	6	2819.0	75.47	1018	7215	5.5
SHRIMPLIN	6	2819.5	59.36	972	8925	4.9
SHRIMPLIN	6	2820.0	55.57	952	9355	4.5
SHRIMPLIN	6	2820.5	46.96	924	9.12	4.3
SHRIMPLIN	6	2821.0	43.67	876	8225	4.1
SHRIMPLIN	6	2821.5	55.23	826	7875	4.3
SHRIMPLIN	6	2822.0	61.24	777	8575	4.3
SHRIMPLIN	6	2822.5	54.46	728	10.66	4.4
SHRIMPLIN	7	2823.0	43.23	699	12375	4.0
SHRIMPLIN	7	2823.5	44.59	682	13.54	3.9
SHRIMPLIN	4	2824.0	47.48	676	12.89	3.7
SHRIMPLIN	4	2824.5	61.1	671	11785	3.7
SHRIMPLIN	4	2825.0	64.82	0.68	8.97	4.5
SHRIMPLIN	4	2825.5	55.77	0.71	8.93	5.1
SHRIMPLIN	4	2826.0	62.22	744	9215	5.5
SHRIMPLIN	6	2826.5	55.06	786	9.5	5.6
SHRIMPLIN	6	2827.0	71.02	839	8.89	5.4
SHRIMPLIN	6	2827.5	91.37	881	8.06	5.3
SHRIMPLIN	6	2828.0	115.42	911	6875	5.3
SHRIMPLIN	6	2828.5	115.7	0.94	6085	5.2
SHRIMPLIN	6	2829.0	107.11	972	6135	5.6
SHRIMPLIN	6	2829.5	93.82	1008	6.64	5.6
SHRIMPLIN	6	2830.0	61.63	1061	6865	6.1
SHRIMPLIN	6	2830.5	45.98	1076	6.25	6.2
SHRIMPLIN	6	2831.0	32.76	1071	6225	5.8
SHRIMPLIN	6	2831.5	37.82	1058	6.19	5.7
SHRIMPLIN	6	2832.0	40.73	1038	6375	5.5
SHRIMPLIN	6	2832.5	33.42	1005	6.61	5.4
SHRIMPLIN	6	2833.0	32.08	968	7355	5.3
SHRIMPLIN	6	2833.5	33.82	943	8.33	4.9
SHRIMPLIN	6	2834.0	45.57	924	8.84	4.7
SHRIMPLIN	6	2834.5	53.95	0.9	8125	4.6
SHRIMPLIN	6	2835.0	59.42	875	7845	4.6
SHRIMPLIN	6	2835.5	68.43	854	8665	4.8
SHRIMPLIN	6	2836.0	75.88	849	10.04	4.6
SHRIMPLIN	6	2836.5	77.75	864	10.85	4.7
SHRIMPLIN	6	2837.0	80.93	907	9815	4.6
SHRIMPLIN	6	2837.5	72.92	932	7475	4.7
SHRIMPLIN	6	2838.0	65.59	0.92	5265	5.0
SHRIMPLIN	6	2838.5	64.71	886	4045	5.4
SHRIMPLIN	6	2839.0	60.79	829	4.36	5.5
SHRIMPLIN	6	2839.5	78.55	754	9795	5.7
SHRIMPLIN	3	2840.0	107.77	713	19545	4.0
SHRIMPLIN	3	2840.5	110.87	686	26.65	3.3
SHRIMPLIN	3	2841.0	106.33	665	26.94	2.8
SHRIMPLIN	3	2841.5	87.85	0.64	21.77	2.7
SHRIMPLIN	3	2842.0	80.96	601	15.99	2.9
SHRIMPLIN	2	2842.5	66.94	568	12565	3.5
SHRIMPLIN	2	2843.0	61.48	561	11.69	4.2
SHRIMPLIN	2	2843.5	58.26	568	12285	4.2
SHRIMPLIN	2	2844.0	51.31	585	11735	3.9
SHRIMPLIN	2	2844.5	67.92	583	11.73	3.9
SHRIMPLIN	2	2845.0	67.77	566	12475	3.9
SHRIMPLIN	2	2845.5	67.73	543	13095	3.8
SHRIMPLIN	2	2846.0	68.85	516	13.35	3.7
SHRIMPLIN	2	2846.5	73.2	496	15.12	3.6
SHRIMPLIN	3	2847.0	84.46	486	20.48	3.6
SHRIMPLIN	3	2847.5	96.96	483	23225	3.4
SHRIMPLIN	3	2848.0	95.54	486	21305	3.5
SHRIMPLIN	3	2848.5	88.67	493	17235	3.4
SHRIMPLIN	3	2849.0	88.54	501	16.71	3.5
SHRIMPLIN	3	2849.5	92.22	501	18675	3.5
SHRIMPLIN	2	2850.0	89.67	491	20405	3.3
SHRIMPLIN	2	2850.5	91.17	0.47	20.3	3.1
SHRIMPLIN	2	2851.0	83.62	435	17.16	2.8
SHRIMPLIN	2	2851.5	85.0	401	15.87	2.8
SHRIMPLIN	2	2852.0	77.7	371	16.85	2.9
SHRIMPLIN	2	2852.5	74.29	334	17.3	2.9
SHRIMPLIN	2	2853.0	70.21	307	17.57	2.9
SHRIMPLIN	2	2853.5	76.38	297	17195	3.0
SHRIMPLIN	2	2854.0	76.28	301	16415	3.0
SHRIMPLIN	2	2854.5	69.04	314	14.19	3.2
SHRIMPLIN	2	2855.0	78.11	338	13.25	3.4
SHRIMPLIN	3	2855.5	84.18	377	15.72	3.8
SHRIMPLIN	3	2856.0	85.85	428	20045	3.5
SHRIMPLIN	3	2856.5	89.6	0.47	20455	3.3
SHRIMPLIN	3	2857.0	80.61	509	16.78	3.1
SHRIMPLIN	3	2857.5	79.36	539	11.78	3.3
SHRIMPLIN	3	2858.0	83.05	548	14545	3.7
SHRIMPLIN	3	2858.5	95.0	556	23.83	3.6
SHRIMPLIN	5	2859.0	85.04	629	26.67	3.1
SHRIMPLIN	5	2859.5	46.18	668	16.61	3.1
SHRIMPLIN	5	2860.0	34.53	703	8.22	3.5
SHRIMPLIN	5	2860.5	35.19	744	4.71	4.6
SHRIMPLIN	8	2861.0	27.85	803	4.24	4.8
SHRIMPLIN	8	2861.5	23.48	913	4.22	4.7
SHRIMPLIN	8	2862.0	20.42	1031	3785	4.6
SHRIMPLIN	8	2862.5	20.55	1147	3145	5.1
SHRIMPLIN	8	2863.0	19.99	1292	2195	5.4
SHRIMPLIN	8	2863.5	21.18	1405	1.59	5.9
SHRIMPLIN	8	2864.0	18.63	1452	1755	6.1
SHRIMPLIN	6	2864.5	29.41	1465	2.36	6.0
SHRIMPLIN	6	2865.0	43.09	1.48	3.11	5.8
SHRIMPLIN	6	2865.5	48.95	1479	2.95	5.6
SHRIMPLIN	6	2866.0	45.84	1437	3.03	5.6
SHRIMPLIN	6	2866.5	45.04	1.36	3.02	5.7
SHRIMPLIN	6	2867.0	42.92	1249	3445	5.7
SHRIMPLIN	6	2867.5	53.11	1104	4095	5.9
SHRIMPLIN	3	2868.0	67.55	966	5.13	5.1
SHRIMPLIN	3	2868.5	73.99	862	7.84	4.6
SHRIMPLIN	3	2869.0	83.09	806	11.2	3.9
SHRIMPLIN	3	2869.5	97.28	763	13.97	3.6
SHRIMPLIN	2	2870.0	95.16	714	12.96	3.4
SHRIMPLIN	2	2870.5	79.88	661	10425	3.3
SHRIMPLIN	2	2871.0	76.38	602	8785	3.5
SHRIMPLIN	2	2871.5	75.68	561	10305	3.6
SHRIMPLIN	2	2872.0	84.59	537	13745	3.9
SHRIMPLIN	3	2872.5	103.43	525	16.66	3.9
SHRIMPLIN	3	2873.0	103.41	522	17625	3.9
SHRIMPLIN	3	2873.5	99.27	0.52	16245	3.8
SHRIMPLIN	3	2874.0	92.94	516	14.85	3.7
SHRIMPLIN	3	2874.5	92.9	507	13.27	3.8
SHRIMPLIN	3	2875.0	80.32	504	12.48	3.7
SHRIMPLIN	2	2875.5	83.63	512	11525	4.0
SHRIMPLIN	2	2876.0	67.81	529	11.31	4.1
SHRIMPLIN	2	2876.5	67.88	559	10865	4.3
SHRIMPLIN	2	2877.0	64.39	589	10365	4.4
SHRIMPLIN	2	2877.5	61.99	604	9385	4.4
SHRIMPLIN	2	2878.0	62.5	604	8.53	4.3
SHRIMPLIN	2	2878.5	58.64	0.58	8.6	4.2
SHRIMPLIN	2	2879.0	64.04	543	9.98	4.0
SHRIMPLIN	2	2879.5	78.8	519	13745	3.7
SHRIMPLIN	3	2880.0	78.88	502	21885	3.7
SHRIMPLIN	3	2880.5	86.88	0.5	33.79	3.2
SHRIMPLIN	3	2881.0	83.97	519	37.47	3.0
SHRIMPLIN	3	2881.5	70.01	543	31.57	2.8
SHRIMPLIN	7	2882.0	50.7	567	16.04	2.9
SHRIMPLIN	7	2882.5	30.81	601	5725	3.6
SHRIMPLIN	7	2883.0	17.35	656	2.73	5.0
SHRIMPLIN	8	2883.5	17.55	747	2925	5.8
SHRIMPLIN	8	2884.0	18.19	855	3285	6.2
SHRIMPLIN	8	2884.5	17.08	982	3.99	6.3
SHRIMPLIN	8	2885.0	15.88	1107	4.34	6.2
SHRIMPLIN	8	2885.5	20.38	1.17	4645	5.9
SHRIMPLIN	8	2886.0	24.93	1173	4.77	5.8
SHRIMPLIN	8	2886.5	28.57	1.15	4725	5.8
SHRIMPLIN	8	2887.0	34.54	1115	4365	5.7
SHRIMPLIN	8	2887.5	42.34	1064	4.4	5.7
SHRIMPLIN	8	2888.0	44.21	1008	4.86	5.5
SHRIMPLIN	6	2888.5	44.15	943	5.47	5.6
SHRIMPLIN	6	2889.0	39.25	0.88	5905	5.6
SHRIMPLIN	6	2889.5	38.37	812	7.13	5.4
SHRIMPLIN	2	2890.0	60.63	0.74	9.33	4.7
SHRIMPLIN	2	2890.5	83.69	684	11.31	4.0
SHRIMPLIN	2	2891.0	87.3	648	11975	3.6
SHRIMPLIN	2	2891.5	89.07	619	12065	3.6
SHRIMPLIN	2	2892.0	91.06	584	12.21	3.7
SHRIMPLIN	2	2892.5	98.37	559	12485	3.7
SHRIMPLIN	2	2893.0	87.1	548	12.23	3.7
SHRIMPLIN	2	2893.5	83.81	542	11.67	3.5
SHRIMPLIN	2	2894.0	83.11	535	11.96	3.4
SHRIMPLIN	2	2894.5	85.4	529	13.05	3.3
SHRIMPLIN	2	2895.0	86.83	524	13735	3.3
SHRIMPLIN	2	2895.5	80.54	515	13.6	3.3
SHRIMPLIN	2	2896.0	77.67	501	12905	3.2
SHRIMPLIN	2	2896.5	74.74	489	12575	3.3
SHRIMPLIN	2	2897.0	75.06	481	12305	3.2
SHRIMPLIN	2	2897.5	76.98	477	12.35	3.2
SHRIMPLIN	2	2898.0	79.6	471	12855	3.2
SHRIMPLIN	2	2898.5	92.95	467	14.3	3.3
SHRIMPLIN	2	2899.0	94.25	467	14.21	3.3
SHRIMPLIN	2	2899.5	83.12	467	13.64	3.3
SHRIMPLIN	2	2900.0	75.02	471	12.5	3.4
SHRIMPLIN	2	2900.5	62.61	0.48	11.92	3.3
SHRIMPLIN	2	2901.0	68.47	487	11635	3.3
SHRIMPLIN	2	2901.5	69.58	484	11265	3.3
SHRIMPLIN	2	2902.0	76.05	479	11375	3.5
SHRIMPLIN	2	2902.5	89.53	471	12285	3.5
SHRIMPLIN	3	2903.0	97.25	464	15135	3.5
SHRIMPLIN	3	2903.5	95.12	474	21.93	3.5
SHRIMPLIN	3	2904.0	91.67	501	26715	3.3
SHRIMPLIN	3	2904.5	85.15	521	25875	3.2
SHRIMPLIN	8	2905.0	65.17	534	18.92	3.2
SHRIMPLIN	8	2905.5	32.9	547	12215	3.7
SHRIMPLIN	8	2906.0	19.92	549	10.63	4.8
SHRIMPLIN	8	2906.5	14.52	549	11.06	5.2
SHRIMPLIN	8	2907.0	14.75	558	12.15	5.4
SHRIMPLIN	8	2907.5	15.01	565	13.16	5.2
SHRIMPLIN	8	2908.0	15.68	0.56	14.02	5.2
SHRIMPLIN	8	2908.5	16.96	0.55	14255	5.3
SHRIMPLIN	8	2909.0	15.78	534	12705	5.5
SHRIMPLIN	8	2909.5	15.71	507	11095	5.7
SHRIMPLIN	8	2910.0	17.29	484	10225	5.7
SHRIMPLIN	8	2910.5	25.4	476	10.81	5.6
SHRIMPLIN	2	2911.0	54.3	0.48	11865	5.1
SHRIMPLIN	2	2911.5	77.86	493	11795	4.0
SHRIMPLIN	2	2912.0	81.08	496	11345	3.6
SHRIMPLIN	2	2912.5	64.84	489	10.6	3.3
SHRIMPLIN	2	2913.0	68.3	476	10.89	3.5
SHRIMPLIN	2	2913.5	62.2	456	11805	3.4
SHRIMPLIN	2	2914.0	62.13	447	12205	3.4
SHRIMPLIN	2	2914.5	59.9	447	12495	3.4
SHRIMPLIN	2	2915.0	66.76	446	12.57	3.3
SHRIMPLIN	2	2915.5	68.75	441	12535	3.4
SHRIMPLIN	2	2916.0	89.47	431	13055	3.3
SHRIMPLIN	2	2916.5	92.28	0.42	14.46	3.3
SHRIMPLIN	2	2917.0	89.52	0.41	15.78	3.2
SHRIMPLIN	2	2917.5	72.44	401	15.58	3.3
SHRIMPLIN	2	2918.0	65.12	389	15095	3.2
SHRIMPLIN	2	2918.5	61.43	375	14.62	3.2
SHRIMPLIN	2	2919.0	64.01	362	15335	3.0
SHRIMPLIN	2	2919.5	60.03	354	15.0	3.0
SHRIMPLIN	2	2920.0	66.07	348	14.44	3.1
SHRIMPLIN	2	2920.5	74.64	344	13845	3.2
SHRIMPLIN	2	2921.0	76.08	344	14.19	3.3
SHRIMPLIN	2	2921.5	77.9	0.35	14375	3.3
SHRIMPLIN	2	2922.0	90.26	354	14075	3.2
SHRIMPLIN	2	2922.5	100.24	362	13.22	3.2
SHRIMPLIN	2	2923.0	104.57	367	14.63	3.2
SHRIMPLIN	2	2923.5	117.83	382	18955	3.4
SHRIMPLIN	2	2924.0	119.71	403	24.86	3.5
SHRIMPLIN	2	2924.5	114.49	436	26.24	3.2
SHRIMPLIN	2	2925.0	76.16	473	21.64	3.1
SHRIMPLIN	8	2925.5	34.5	509	15465	3.4
SHRIMPLIN	8	2926.0	17.99	548	11.83	4.7
SHRIMPLIN	8	2926.5	16.23	597	9835	5.9
SHRIMPLIN	8	2927.0	16.97	669	7.54	5.7
SHRIMPLIN	8	2927.5	18.68	745	5.93	5.7
SHRIMPLIN	8	2928.0	30.74	778	5.83	5.8
SHRIMPLIN	8	2928.5	46.76	775	6.47	5.6
SHRIMPLIN	6	2929.0	49.39	732	6.69	5.3
SHRIMPLIN	6	2929.5	44.23	669	7985	5.0
SHRIMPLIN	3	2930.0	54.96	602	10.27	4.2
SHRIMPLIN	3	2930.5	68.62	0.55	13345	3.6
SHRIMPLIN	2	2931.0	84.84	507	14745	3.1
SHRIMPLIN	2	2931.5	82.8	462	16365	3.2
SHRIMPLIN	3	2932.0	95.56	425	18035	3.4
SHRIMPLIN	3	2932.5	106.29	401	21.3	3.2
SHRIMPLIN	3	2933.0	95.11	394	21825	3.2
SHRIMPLIN	3	2933.5	96.55	391	20.44	3.1
SHRIMPLIN	3	2934.0	92.19	391	17735	3.3
SHRIMPLIN	3	2934.5	100.17	391	18.11	3.2
SHRIMPLIN	3	2935.0	101.7	387	19115	3.2
SHRIMPLIN	3	2935.5	100.5	0.38	18.12	3.2
SHRIMPLIN	3	2936.0	102.07	369	17425	3.4
SHRIMPLIN	3	2936.5	109.83	358	18.72	3.7
SHRIMPLIN	3	2937.0	118.17	354	21295	3.9
SHRIMPLIN	3	2937.5	119.16	358	24.97	3.8
SHRIMPLIN	6	2938.0	63.36	384	20.85	3.3
SHRIMPLIN	6	2938.5	44.37	398	14.47	3.4
SHRIMPLIN	6	2939.0	37.71	413	12.17	4.0
SHRIMPLIN	6	2939.5	37.36	438	12545	5.0
SHRIMPLIN	6	2940.0	39.66	467	13.01	5.0
SHRIMPLIN	8	2940.5	52.61	487	12835	5.3
SHRIMPLIN	8	2941.0	53.75	501	12.71	6.0
SHRIMPLIN	8	2941.5	59.61	504	12.8	6.1
SHRIMPLIN	8	2942.0	62.99	501	12.9	5.6
SHRIMPLIN	8	2942.5	72.39	496	12795	5.1
SHRIMPLIN	8	2943.0	81.12	496	12595	5.0
SHRIMPLIN	8	2944.0	234.8	515	11.41	4.8
SHRIMPLIN	8	2944.0	234.8	515	11.41	4.8
SHRIMPLIN	8	2944.5	273.48	538	10045	5.1
SHRIMPLIN	8	2945.0	164.34	573	8.48	5.3
SHRIMPLIN	8	2945.5	101.5	0.6	7805	5.7
SHRIMPLIN	6	2946.0	84.6	616	7.58	5.7
SHRIMPLIN	6	2946.5	84.6	616	7.58	5.7
SHRIMPLIN	8	2947.0	91.02	621	7795	5.7
SHRIMPLIN	4	2947.5	116.04	605	7.73	5.5
SHRIMPLIN	4	2948.0	129.74	574	8.61	4.7
SHRIMPLIN	3	2948.5	130.95	545	12.17	4.2
SHRIMPLIN	3	2949.0	127.25	519	17585	3.6
SHRIMPLIN	3	2949.5	115.33	484	20065	3.3
SHRIMPLIN	3	2950.0	110.37	453	19.63	3.2
SHRIMPLIN	3	2950.5	95.97	433	17945	3.2
SHRIMPLIN	3	2951.0	92.1	415	17.19	3.5
SHRIMPLIN	3	2951.5	92.33	401	16855	3.6
SHRIMPLIN	3	2952.0	84.32	401	17.04	3.7
SHRIMPLIN	3	2952.5	85.93	405	16725	3.7
SHRIMPLIN	3	2953.0	86.15	0.41	16505	3.7
SHRIMPLIN	3	2953.5	87.94	418	16735	3.6
SHRIMPLIN	3	2954.0	86.68	425	16.94	3.6
SHRIMPLIN	3	2954.5	85.31	431	17845	3.5
SHRIMPLIN	3	2955.0	86.99	441	18455	3.5
SHRIMPLIN	3	2955.5	88.41	456	18.05	3.6
SHRIMPLIN	3	2956.0	85.73	471	15635	3.8
SHRIMPLIN	3	2956.5	79.97	0.48	13.72	4.1
SHRIMPLIN	3	2957.0	72.32	489	13.05	4.3
SHRIMPLIN	3	2957.5	69.7	496	13785	4.2
SHRIMPLIN	3	2958.0	78.44	504	13815	4.1
SHRIMPLIN	3	2958.5	82.19	509	14275	4.0
SHRIMPLIN	3	2959.0	85.45	509	15215	4.0
SHRIMPLIN	3	2959.5	92.63	508	16465	3.9
SHRIMPLIN	3	2960.0	88.92	507	16885	3.9
SHRIMPLIN	3	2960.5	90.45	505	16.3	3.8
SHRIMPLIN	3	2961.0	87.42	504	15225	4.0
SHRIMPLIN	3	2961.5	84.11	507	15.12	4.0
SHRIMPLIN	3	2962.0	87.26	509	15145	3.9
SHRIMPLIN	3	2962.5	84.87	511	14.82	3.9
SHRIMPLIN	3	2963.0	84.88	507	14335	3.9
SHRIMPLIN	3	2963.5	88.37	493	15695	4.2
SHRIMPLIN	3	2964.0	90.68	0.48	18.01	4.2
SHRIMPLIN	3	2964.5	94.56	471	20.75	3.9
SHRIMPLIN	3	2965.0	96.31	462	22025	3.6
SHRIMPLIN	3	2965.5	99.42	456	22.97	3.4
SHRIMPLIN	3	2966.0	97.55	453	22.12	3.4
SHRIMPLIN	3	2966.5	98.51	0.45	20.35	3.6
SHRIMPLIN	2	2967.0	86.18	452	17.53	3.7
SHRIMPLIN	2	2967.5	89.44	461	16.31	3.8
SHRIMPLIN	2	2968.0	89.13	471	15875	3.9
SHRIMPLIN	2	2968.5	87.64	484	15865	3.8
SHRIMPLIN	2	2969.0	84.34	502	15685	3.9
SHRIMPLIN	2	2969.5	83.26	517	15.23	3.8
SHRIMPLIN	2	2970.0	84.8	525	14.78	4.0
SHRIMPLIN	2	2970.5	84.02	531	15.47	3.9
SHRIMPLIN	3	2971.0	90.99	535	15235	3.9
SHRIMPLIN	3	2971.5	83.72	537	14.25	3.9
SHRIMPLIN	3	2972.0	81.44	538	14015	4.0
SHRIMPLIN	3	2972.5	80.51	538	14465	3.9
SHRIMPLIN	3	2973.0	83.93	539	15.11	3.8
SHRIMPLIN	3	2973.5	83.36	535	15.73	3.7
SHRIMPLIN	3	2974.0	86.69	529	15115	3.8
SHRIMPLIN	3	2974.5	86.71	521	13995	3.7
SHRIMPLIN	3	2975.0	84.91	515	14065	3.9
SHRIMPLIN	3	2975.5	84.75	516	20.0	3.7
SHRIMPLIN	3	2976.0	87.88	543	23385	3.6
SHRIMPLIN	3	2976.5	86.06	584	20.82	3.3
SHRIMPLIN	5	2977.0	56.43	627	12115	3.7
SHRIMPLIN	5	2977.5	32.69	667	6.42	4.4
SHRIMPLIN	5	2978.0	25.06	708	4845	5.5
SHRIMPLIN	5	2978.5	18.26	0.77	4695	5.2
SHRIMPLIN	5	2979.0	18.28	874	4.67	5.0
SHRIMPLIN	5	2979.5	14.41	947	5705	5.1
SHRIMPLIN	8	2980.0	13.99	983	7.35	5.2
SHRIMPLIN	8	2980.5	13.28	983	8365	5.4
SHRIMPLIN	8	2981.0	16.71	946	8.53	5.4
SHRIMPLIN	8	2981.5	31.35	907	8695	5.0
SHRIMPLIN	5	2982.0	49.41	881	10025	4.5
SHRIMPLIN	5	2982.5	65.33	862	9785	4.0
SHRIMPLIN	5	2983.0	64.3	841	9.24	4.3
SHRIMPLIN	5	2983.5	42.48	819	8.02	4.7
SHRIMPLIN	8	2984.0	29.96	794	7.48	4.8
SHRIMPLIN	8	2984.5	21.23	772	7.98	5.0
SHRIMPLIN	8	2985.0	28.09	768	8295	5.1
SHRIMPLIN	8	2985.5	31.12	775	8515	5.2
SHRIMPLIN	5	2986.0	36.63	0.78	8165	4.8
SHRIMPLIN	5	2986.5	36.1	783	8115	4.3
SHRIMPLIN	5	2987.0	42.06	787	7475	4.0
SHRIMPLIN	5	2987.5	44.31	792	6.77	4.0
SHRIMPLIN	5	2988.0	43.19	803	6215	4.1
SHRIMPLIN	5	2988.5	39.82	0.82	6.04	4.3
SHRIMPLIN	5	2989.0	41.71	839	6.61	4.4
SHRIMPLIN	5	2989.5	43.02	865	7.01	4.3
SHRIMPLIN	5	2990.0	42.6	889	7.33	4.2
SHRIMPLIN	5	2990.5	41.53	906	6.94	4.0
SHRIMPLIN	5	2991.0	46.69	918	6705	4.2
SHRIMPLIN	5	2991.5	49.0	929	6685	4.3
SHRIMPLIN	5	2992.0	51.83	936	7.07	4.5
SHRIMPLIN	5	2992.5	45.87	0.94	7445	4.2
SHRIMPLIN	5	2993.0	45.87	0.94	7445	4.2
SHRIMPLIN	5	2993.5	46.83	943	7655	4.4
SHRIMPLIN	5	2994.0	47.5	946	7705	4.0
SHRIMPLIN	5	2994.5	48.88	947	7.33	4.0
SHRIMPLIN	5	2995.0	45.88	949	6865	3.8
SHRIMPLIN	5	2995.5	51.63	952	6.88	4.1
SHRIMPLIN	5	2996.0	49.28	954	7085	4.3
SHRIMPLIN	5	2996.5	52.4	956	7105	4.4
SHRIMPLIN	5	2997.0	50.59	0.96	6665	4.5
SHRIMPLIN	5	2997.5	49.71	963	6645	4.6
SHRIMPLIN	5	2998.0	46.48	967	6.69	4.6
SHRIMPLIN	5	2998.5	50.19	972	6815	4.5
SHRIMPLIN	5	2999.0	55.85	969	6475	4.3
SHRIMPLIN	5	2999.5	74.49	954	6.14	4.2
SHRIMPLIN	4	3000.0	126.32	936	6.41	4.2
SHRIMPLIN	4	3000.5	274.0	0.92	7.65	4.5
SHRIMPLIN	4	3001.0	358.74	903	10035	4.6
SHRIMPLIN	4	3001.5	361.15	896	12255	4.8
SHRIMPLIN	4	3002.0	227.99	894	12.67	4.7
SHRIMPLIN	5	3002.5	115.43	893	11.24	4.6
SHRIMPLIN	5	3003.0	80.43	893	9055	4.3
SHRIMPLIN	5	3003.5	65.06	898	8.13	4.5
SHRIMPLIN	5	3004.0	49.86	0.91	7585	4.8
SHRIMPLIN	5	3004.5	51.04	925	7795	5.1
SHRIMPLIN	5	3005.0	52.63	942	7.84	5.0
SHRIMPLIN	5	3005.5	56.88	975	8.3	4.9
SHRIMPLIN	5	3006.0	60.61	982	8335	4.9
SHRIMPLIN	5	3006.5	57.36	985	8.07	4.7
SHRIMPLIN	5	3007.0	53.58	986	8.13	4.6
SHRIMPLIN	5	3007.5	52.02	986	8165	4.7
SHRIMPLIN	5	3008.0	53.66	986	8.46	4.8
SHRIMPLIN	5	3008.5	55.22	985	8.54	4.8
SHRIMPLIN	5	3009.0	50.16	982	8.38	4.7
SHRIMPLIN	5	3009.5	55.6	971	8295	4.5
SHRIMPLIN	5	3010.0	53.77	955	8035	4.5
SHRIMPLIN	5	3010.5	50.23	937	8.86	4.6
SHRIMPLIN	5	3011.0	63.43	915	9.95	5.0
SHRIMPLIN	5	3011.5	61.93	889	11.39	5.2
SHRIMPLIN	5	3012.0	68.62	863	12.28	5.1
SHRIMPLIN	5	3012.5	74.18	836	12.17	4.8
SHRIMPLIN	4	3013.0	73.86	816	12.37	4.7
SHRIMPLIN	4	3013.5	71.51	798	12.94	4.6
SHRIMPLIN	4	3014.0	79.77	782	14235	4.4
SHRIMPLIN	4	3014.5	80.9	776	14.86	4.3
SHRIMPLIN	4	3015.0	96.85	775	13.74	4.3
SHRIMPLIN	4	3015.5	92.76	771	11.48	4.4
SHRIMPLIN	6	3016.0	51.5	762	8025	4.1
SHRIMPLIN	6	3016.5	47.77	756	9425	4.1
SHRIMPLIN	6	3017.0	54.15	751	11.7	4.9
SHRIMPLIN	6	3017.5	50.45	0.74	13.34	5.0
SHRIMPLIN	9	3018.0	32.78	723	13.11	5.1
SHRIMPLIN	9	3018.5	23.5	711	12.3	5.2
SHRIMPLIN	9	3019.0	28.33	706	11.79	5.3
SHRIMPLIN	9	3019.5	31.12	704	11325	5.3
SHRIMPLIN	9	3020.0	28.68	709	11165	5.4
SHRIMPLIN	9	3020.5	31.67	721	10535	5.4
SHRIMPLIN	9	3021.0	39.75	733	10.04	5.5
SHRIMPLIN	9	3021.5	36.56	747	8545	5.3
SHRIMPLIN	9	3022.0	36.56	747	8545	5.3
SHRIMPLIN	9	3022.5	37.21	764	7.73	5.6
SHRIMPLIN	9	3023.0	35.8	777	8195	5.7
SHRIMPLIN	9	3023.5	36.56	784	10.29	5.8
SHRIMPLIN	8	3024.0	27.96	791	12.12	5.5
SHRIMPLIN	8	3024.5	26.3	797	12385	5.4
SHRIMPLIN	8	3025.0	19.97	803	11.12	5.5
SHRIMPLIN	8	3025.5	17.92	808	9.73	5.4
SHRIMPLIN	8	3026.0	17.92	808	9.73	5.4
SHRIMPLIN	8	3026.5	16.51	814	8275	5.5
SHRIMPLIN	8	3027.0	21.94	0.82	7.68	5.4
SHRIMPLIN	8	3027.5	32.54	821	7445	5.8
SHRIMPLIN	8	3028.0	47.7	814	7.34	5.8
SHANKLE	2	2774.5	98.36	642	18685	2.9
SHANKLE	2	2775.0	97.57	631	16745	3.2
SHANKLE	2	2775.5	98.41	615	14105	3.2
SHANKLE	2	2776.0	85.92	597	13385	3.4
SHANKLE	2	2776.5	83.16	592	13345	3.4
SHANKLE	2	2777.0	82.56	599	13105	3.5
SHANKLE	2	2777.5	83.12	611	14.0	3.3
SHANKLE	2	2778.0	84.26	0.62	13685	3.3
SHANKLE	2	2778.5	86.29	627	13.92	3.2
SHANKLE	2	2779.0	80.95	629	13975	3.2
SHANKLE	2	2779.5	79.07	629	14235	3.2
SHANKLE	2	2780.0	75.31	626	13.17	3.2
SHANKLE	2	2780.5	69.3	625	12.32	3.0
SHANKLE	2	2781.0	69.16	626	11805	3.0
SHANKLE	2	2781.5	69.03	624	11.72	3.2
SHANKLE	2	2782.0	64.95	622	11.75	3.4
SHANKLE	2	2782.5	78.95	607	12155	3.4
SHANKLE	2	2783.0	82.36	0.58	12955	3.2
SHANKLE	2	2783.5	80.27	543	12865	3.1
SHANKLE	2	2784.0	78.87	507	12.23	2.9
SHANKLE	2	2784.5	66.38	473	11.89	2.8
SHANKLE	1	2785.0	58.63	444	12.44	2.7
SHANKLE	1	2785.5	59.16	413	13.64	2.6
SHANKLE	1	2786.0	52.86	378	14.49	2.6
SHANKLE	1	2786.5	54.32	344	15085	2.6
SHANKLE	1	2787.0	53.27	0.32	14985	2.7
SHANKLE	1	2787.5	52.34	312	14945	2.7
SHANKLE	1	2788.0	58.01	0.31	15055	2.7
SHANKLE	1	2788.5	55.38	307	15.28	2.8
SHANKLE	1	2789.0	55.18	301	15905	2.8
SHANKLE	1	2789.5	55.09	292	16485	2.8
SHANKLE	1	2790.0	58.89	288	17.33	2.7
SHANKLE	1	2790.5	56.51	294	17.77	2.7
SHANKLE	1	2791.0	57.27	0.31	17.9	2.8
SHANKLE	1	2791.5	58.42	328	17.97	2.8
SHANKLE	1	2792.0	58.99	346	18.3	2.7
SHANKLE	1	2792.5	59.99	367	19.49	2.5
SHANKLE	1	2793.0	62.66	389	20135	2.4
SHANKLE	1	2793.5	60.46	408	20495	2.3
SHANKLE	1	2794.0	60.85	415	20.34	2.3
SHANKLE	1	2794.5	63.8	408	20015	2.4
SHANKLE	1	2795.0	63.82	387	19615	2.4
SHANKLE	1	2795.5	66.97	367	19.01	2.4
SHANKLE	1	2796.0	69.67	362	18.66	2.5
SHANKLE	1	2796.5	70.72	367	17.45	2.6
SHANKLE	1	2797.0	85.75	377	18705	2.6
SHANKLE	1	2797.5	89.58	389	19555	2.6
SHANKLE	2	2798.0	87.45	396	20265	2.6
SHANKLE	2	2798.5	84.45	405	16485	2.8
SHANKLE	1	2799.0	71.4	415	12965	3.0
SHANKLE	1	2799.5	70.13	423	11.34	2.9
SHANKLE	1	2800.0	70.92	428	12.33	2.8
SHANKLE	1	2800.5	68.34	427	13295	2.7
SHANKLE	1	2801.0	76.04	422	16445	2.6
SHANKLE	1	2801.5	89.18	412	24.17	2.4
SHANKLE	2	2802.0	86.72	396	28165	2.4
SHANKLE	2	2802.5	73.95	384	26.97	2.5
SHANKLE	2	2803.0	59.22	382	20215	3.0
SHANKLE	2	2803.5	70.19	389	16.27	3.2
SHANKLE	2	2804.0	71.73	423	22.62	2.5
SHANKLE	2	2804.5	75.15	494	33.13	2.1
SHANKLE	3	2805.0	75.28	572	36.13	1.9
SHANKLE	3	2805.5	46.04	645	28075	2.3
SHANKLE	8	2806.0	46.04	645	28075	2.3
SHANKLE	8	2807.0	26.73	748	9105	5.0
SHANKLE	8	2807.5	36.5	794	5945	4.5
SHANKLE	8	2808.0	52.24	867	7395	4.1
SHANKLE	6	2808.5	61.32	925	8825	3.6
SHANKLE	6	2809.0	56.15	965	8.85	3.5
SHANKLE	6	2809.5	55.07	985	7225	3.6
SHANKLE	6	2810.0	64.81	974	5565	3.7
SHANKLE	6	2810.5	87.83	952	4495	4.1
SHANKLE	6	2811.0	88.06	956	4.19	4.7
SHANKLE	6	2811.5	75.07	971	4695	5.2
SHANKLE	6	2812.0	65.29	1009	5175	5.4
SHANKLE	6	2812.5	74.26	1064	6455	5.1
SHANKLE	6	2813.0	73.01	1102	7235	4.7
SHANKLE	8	2813.5	64.61	1121	7765	4.7
SHANKLE	8	2814.0	40.57	1125	7655	4.7
SHANKLE	8	2814.5	30.41	1109	7.95	4.8
SHANKLE	8	2815.0	22.91	1115	7585	4.7
SHANKLE	8	2815.5	24.62	1.13	6.74	4.9
SHANKLE	8	2816.0	25.02	1124	5865	4.9
SHANKLE	8	2816.5	27.77	1097	5575	4.9
SHANKLE	6	2817.0	37.24	1069	6.59	4.7
SHANKLE	6	2817.5	65.59	1028	8.1	4.5
SHANKLE	6	2818.0	87.34	989	9485	4.0
SHANKLE	6	2818.5	79.54	0.96	10025	4.0
SHANKLE	6	2819.0	79.63	937	10155	3.9
SHANKLE	6	2819.5	75.6	907	8985	4.0
SHANKLE	6	2820.0	52.75	918	8955	3.6
SHANKLE	6	2820.5	45.65	946	9.75	3.8
SHANKLE	6	2821.0	51.75	993	9235	4.0
SHANKLE	6	2821.5	53.57	1.05	7.61	4.8
SHANKLE	6	2822.0	60.94	1107	5.46	4.8
SHANKLE	6	2822.5	71.14	1135	4.55	4.9
SHANKLE	6	2823.0	85.69	1133	3965	5.0
SHANKLE	6	2823.5	73.63	1094	3.9	4.8
SHANKLE	6	2824.0	66.27	1029	4185	4.6
SHANKLE	6	2824.5	81.99	956	5795	4.3
SHANKLE	6	2825.0	93.29	908	8635	3.7
SHANKLE	6	2825.5	105.48	867	13285	3.3
SHANKLE	4	2826.0	100.58	817	16.07	3.2
SHANKLE	3	2826.5	76.2	688	16375	2.8
SHANKLE	3	2827.0	72.8	626	30425	2.4
SHANKLE	3	2827.5	72.87	582	39125	2.1
SHANKLE	3	2828.0	72.37	553	45275	2.0
SHANKLE	3	2828.5	78.74	531	44.37	2.1
SHANKLE	3	2829.0	79.41	513	43805	2.2
SHANKLE	3	2829.5	83.27	493	39435	2.6
SHANKLE	3	2830.0	85.55	0.48	34.29	2.6
SHANKLE	3	2830.5	87.65	477	33645	2.5
SHANKLE	3	2831.0	85.37	486	35.66	2.3
SHANKLE	3	2831.5	82.87	515	36645	2.5
SHANKLE	3	2832.0	81.99	567	32775	2.3
SHANKLE	3	2832.5	78.95	625	31.68	2.4
SHANKLE	3	2833.0	72.05	684	28625	2.3
SHANKLE	3	2833.5	71.81	736	24055	3.4
SHANKLE	3	2834.0	57.61	772	12.49	4.2
SHANKLE	3	2834.5	54.12	809	8.38	4.2
SHANKLE	3	2835.0	53.58	863	8.2	4.2
SHANKLE	3	2835.5	61.12	901	8695	4.0
SHANKLE	3	2836.0	61.73	916	9.35	4.0
SHANKLE	3	2836.5	62.92	921	9.06	3.8
SHANKLE	2	2837.0	66.91	912	8.57	3.6
SHANKLE	2	2837.5	66.22	893	7775	3.4
SHANKLE	1	2838.0	62.81	874	7255	3.3
SHANKLE	1	2838.5	60.15	852	7185	3.2
SHANKLE	1	2839.0	53.38	819	7125	3.3
SHANKLE	1	2839.5	54.04	774	7255	3.3
SHANKLE	1	2840.0	55.65	732	8.18	3.2
SHANKLE	1	2840.5	56.33	699	9.33	3.0
SHANKLE	1	2841.0	55.76	667	10295	3.0
SHANKLE	1	2841.5	56.24	629	10175	3.1
SHANKLE	1	2842.0	52.72	0.59	9.88	3.2
SHANKLE	1	2842.5	58.18	551	10.15	3.2
SHANKLE	1	2843.0	58.55	519	11.1	3.3
SHANKLE	1	2843.5	58.18	493	11.88	3.5
SHANKLE	1	2844.0	58.5	467	12195	3.5
SHANKLE	1	2844.5	59.23	446	13045	3.3
SHANKLE	1	2845.0	57.02	0.43	13625	2.9
SHANKLE	1	2845.5	56.18	425	14215	2.8
SHANKLE	1	2846.0	61.06	425	13465	2.7
SHANKLE	1	2846.5	68.79	433	13145	2.9
SHANKLE	1	2847.0	71.58	449	14.36	3.0
SHANKLE	1	2847.5	79.53	471	17515	2.6
SHANKLE	3	2848.0	80.39	491	20055	2.5
SHANKLE	3	2848.5	79.08	508	19.3	2.4
SHANKLE	3	2849.0	78.83	517	15.79	3.1
SHANKLE	3	2849.5	78.07	526	14.23	2.5
SHANKLE	3	2850.0	83.28	0.55	25065	2.1
SHANKLE	3	2850.5	76.44	597	49715	1.8
SHANKLE	8	2852.5	39.3	803	16885	3.6
SHANKLE	8	2853.0	28.1	0.88	10105	3.6
SHANKLE	8	2853.5	28.38	1002	7285	3.9
SHANKLE	8	2854.0	27.36	1161	5.12	3.9
SHANKLE	8	2854.5	30.42	1291	4.05	3.8
SHANKLE	6	2855.0	32.31	1311	3865	4.0
SHANKLE	6	2855.5	33.19	1213	4915	4.4
SHANKLE	6	2856.0	37.18	1051	5.02	4.8
SHANKLE	6	2856.5	37.32	888	5.46	3.3
SHANKLE	6	2857.0	39.77	781	13875	2.4
SHANKLE	3	2857.5	45.45	732	31775	1.8
SHANKLE	3	2858.0	69.72	702	38.6	1.5
SHANKLE	2	2859.0	78.06	668	28955	2.4
SHANKLE	2	2859.5	78.18	643	21.33	3.0
SHANKLE	2	2860.0	78.8	638	12435	3.1
SHANKLE	2	2860.5	73.13	667	9145	3.3
SHANKLE	2	2861.0	66.19	0.7	8185	3.3
SHANKLE	2	2861.5	67.14	727	8.49	3.3
SHANKLE	2	2862.0	66.86	746	9.41	3.2
SHANKLE	2	2862.5	67.83	747	10.57	3.1
SHANKLE	2	2863.0	66.01	726	11.44	3.2
SHANKLE	2	2863.5	63.89	698	11.56	3.2
SHANKLE	2	2864.0	62.15	0.67	11.04	3.5
SHANKLE	2	2864.5	63.38	637	10.57	3.5
SHANKLE	2	2865.0	62.83	617	10765	3.6
SHANKLE	2	2865.5	62.75	616	10.75	3.6
SHANKLE	2	2866.0	59.66	617	10465	3.8
SHANKLE	2	2866.5	67.99	625	11855	3.7
SHANKLE	2	2867.0	67.75	645	18745	2.9
SHANKLE	3	2867.5	76.63	676	28.06	2.5
SHANKLE	3	2868.0	78.56	705	27415	2.0
SHANKLE	3	2868.5	69.82	736	21085	2.8
SHANKLE	2	2869.0	63.21	767	9.5	3.5
SHANKLE	2	2869.5	56.18	799	5.64	3.6
SHANKLE	2	2870.0	60.86	798	6.47	3.5
SHANKLE	2	2870.5	67.52	712	9.15	3.2
SHANKLE	2	2871.0	68.79	619	17.22	2.8
SHANKLE	3	2871.5	76.18	0.54	32.92	2.4
SHANKLE	3	2872.0	74.5	486	38485	2.2
SHANKLE	3	2872.5	63.06	464	36.14	2.5
SHANKLE	6	2873.0	40.97	0.47	25745	3.2
SHANKLE	6	2873.5	35.02	481	17.06	3.5
SHANKLE	6	2874.0	30.28	498	10485	4.1
SHANKLE	6	2874.5	27.63	524	5835	4.8
SHANKLE	6	2875.0	28.84	567	3865	4.7
SHANKLE	6	2875.5	34.92	643	4385	4.0
SHANKLE	6	2876.0	46.06	732	6805	3.5
SHANKLE	3	2876.5	60.36	793	9275	3.4
SHANKLE	3	2877.0	79.94	804	10.99	3.3
SHANKLE	3	2877.5	81.32	779	11.5	3.5
SHANKLE	3	2878.0	80.39	738	10.86	3.5
SHANKLE	3	2878.5	77.93	702	10.29	3.4
SHANKLE	3	2879.0	75.73	679	9.89	3.3
SHANKLE	2	2879.5	66.0	669	9.98	3.3
SHANKLE	2	2880.0	74.79	666	9985	3.5
SHANKLE	2	2880.5	64.77	665	9.89	3.6
SHANKLE	2	2881.0	62.9	659	10335	3.5
SHANKLE	2	2881.5	64.65	646	11.02	3.3
SHANKLE	2	2882.0	63.61	625	11625	3.0
SHANKLE	3	2882.5	79.7	591	11865	2.8
SHANKLE	3	2883.0	80.43	544	11935	2.8
SHANKLE	3	2883.5	78.5	498	12.61	2.7
SHANKLE	2	2884.0	67.3	456	14.11	2.7
SHANKLE	2	2884.5	64.18	418	15635	2.7
SHANKLE	2	2885.0	55.59	387	16275	2.6
SHANKLE	2	2885.5	61.6	362	16055	2.7
SHANKLE	2	2886.0	59.33	346	15965	2.7
SHANKLE	2	2886.5	63.11	348	15.65	2.8
SHANKLE	2	2887.0	62.47	358	15.31	3.0
SHANKLE	2	2887.5	69.97	358	14.55	3.1
SHANKLE	2	2888.0	71.32	358	14.36	3.3
SHANKLE	2	2888.5	71.32	358	14.36	3.3
SHANKLE	2	2889.0	72.08	358	14.54	3.1
SHANKLE	2	2889.5	72.65	356	15115	2.9
SHANKLE	2	2890.0	69.38	354	15995	2.7
SHANKLE	2	2890.5	63.68	348	17015	2.7
SHANKLE	2	2891.0	63.96	328	17755	2.6
SHANKLE	2	2891.5	61.06	305	18465	2.6
SHANKLE	2	2892.0	68.77	286	19315	2.5
SHANKLE	2	2892.5	69.94	274	20.22	2.6
SHANKLE	1	2893.0	68.94	0.27	20435	2.6
SHANKLE	1	2893.5	68.13	279	20185	2.7
SHANKLE	1	2894.0	69.83	301	19.13	2.6
SHANKLE	1	2894.5	69.72	326	18115	2.6
SHANKLE	1	2895.0	79.64	0.35	16.33	2.7
SHANKLE	2	2895.5	83.41	367	14845	3.0
SHANKLE	3	2896.0	85.63	386	14515	2.6
SHANKLE	3	2896.5	88.6	412	18.02	2.5
SHANKLE	3	2897.0	81.3	453	25095	2.2
SHANKLE	3	2897.5	81.46	505	35.24	2.0
SHANKLE	2	2899.5	67.06	607	25315	3.2
SHANKLE	2	2900.0	63.21	607	16415	3.1
SHANKLE	2	2900.5	62.1	607	15.25	2.9
SHANKLE	1	2901.0	59.12	599	15465	2.8
SHANKLE	1	2901.5	53.43	0.58	12685	2.9
SHANKLE	1	2902.0	55.43	556	11.32	3.0
SHANKLE	1	2902.5	50.01	528	12.39	3.0
SHANKLE	1	2903.0	54.96	493	12.93	2.9
SHANKLE	1	2903.5	56.29	456	13.1	2.8
SHANKLE	1	2904.0	57.56	425	13.6	2.9
SHANKLE	1	2904.5	59.71	396	13875	2.9
SHANKLE	1	2905.0	59.88	371	14.2	2.9
SHANKLE	1	2905.5	62.44	352	14.5	2.7
SHANKLE	1	2906.0	65.13	342	15285	2.7
SHANKLE	1	2906.5	60.4	338	15.91	2.7
SHANKLE	1	2907.0	63.4	346	15585	2.8
SHANKLE	1	2907.5	65.4	358	14.44	2.8
SHANKLE	1	2908.0	60.44	371	13.57	2.9
SHANKLE	1	2908.5	71.83	384	13.74	2.8
SHANKLE	1	2909.0	78.1	389	14.31	2.8
SHANKLE	1	2909.5	82.34	386	14.44	2.7
SHANKLE	1	2910.0	85.94	384	14.25	2.7
SHANKLE	1	2910.5	71.56	0.38	14.51	2.7
SHANKLE	1	2911.0	69.26	373	15655	2.7
SHANKLE	1	2911.5	65.79	365	16385	2.8
SHANKLE	1	2912.0	58.76	354	16.94	2.7
SHANKLE	1	2912.5	60.11	342	17025	2.6
SHANKLE	1	2913.0	62.0	344	17325	2.6
SHANKLE	1	2913.5	61.56	354	17815	2.8
SHANKLE	1	2914.0	58.39	362	18575	2.7
SHANKLE	1	2914.5	62.03	362	18.52	2.6
SHANKLE	1	2915.0	58.92	348	17575	2.6
SHANKLE	1	2915.5	62.43	324	16275	2.6
SHANKLE	1	2916.0	63.32	292	16375	2.7
SHANKLE	1	2916.5	64.42	262	17115	2.8
SHANKLE	2	2917.0	63.11	243	18435	2.8
SHANKLE	2	2917.5	63.11	243	18435	2.8
SHANKLE	2	2918.0	68.73	236	18565	2.8
SHANKLE	2	2918.5	68.82	243	18135	3.0
SHANKLE	2	2919.0	63.27	258	16665	3.1
SHANKLE	2	2919.5	63.95	279	15155	3.3
SHANKLE	2	2920.0	73.72	301	13.77	3.2
SHANKLE	2	2920.5	70.47	324	14.83	2.4
SHANKLE	3	2921.0	78.62	354	24675	2.1
SHANKLE	3	2921.5	81.91	398	35.2	1.9
SHANKLE	3	2922.0	77.68	459	44645	1.9
SHANKLE	3	2922.5	74.51	538	51805	2.0
SHANKLE	3	2923.0	66.9	605	46795	2.0
SHANKLE	6	2924.0	26.06	725	16.17	4.4
SHANKLE	6	2924.5	20.73	796	4785	4.1
SHANKLE	6	2925.0	18.4	876	4555	3.7
SHANKLE	6	2925.5	20.07	941	6745	3.3
SHANKLE	6	2926.0	20.85	903	9415	3.4
SHANKLE	6	2926.5	24.51	809	11.98	2.5
SHANKLE	3	2927.0	37.82	722	19085	2.2
SHANKLE	3	2930.0	79.36	0.47	35.77	2.4
SHANKLE	3	2930.5	78.41	468	33.73	2.6
SHANKLE	3	2931.0	70.0	453	31445	2.6
SHANKLE	3	2931.5	67.67	0.43	31.45	2.7
SHANKLE	3	2932.0	67.38	391	30565	2.6
SHANKLE	3	2932.5	70.08	0.34	33215	2.5
SHANKLE	3	2933.0	72.4	0.29	39915	2.3
SHANKLE	3	2933.5	70.73	241	41445	2.3
SHANKLE	3	2934.0	65.14	193	37005	2.6
SHANKLE	7	2934.5	52.05	152	29525	2.9
SHANKLE	7	2935.0	30.56	121	27265	3.0
SHANKLE	7	2935.5	25.47	97	27915	3.0
SHANKLE	7	2936.0	25.34	93	27115	3.0
SHANKLE	7	2936.5	31.3	111	26515	3.0
SHANKLE	7	2937.0	45.23	146	24.38	3.0
SHANKLE	7	2937.5	53.09	196	22525	3.0
SHANKLE	7	2938.0	53.66	255	19515	3.1
SHANKLE	7	2938.5	48.3	318	16.71	3.4
SHANKLE	8	2939.0	47.58	386	14275	4.0
SHANKLE	8	2939.5	44.54	456	12.48	4.2
SHANKLE	8	2940.0	45.57	531	11.42	4.3
SHANKLE	8	2940.5	49.17	607	10.82	4.3
SHANKLE	8	2941.0	58.97	0.68	10535	4.4
SHANKLE	8	2941.5	78.86	744	10.32	4.6
SHANKLE	8	2942.0	100.24	797	10.38	4.7
SHANKLE	8	2942.5	97.94	842	10.56	4.8
SHANKLE	8	2943.0	94.67	881	10.57	4.7
SHANKLE	8	2943.5	78.63	914	10.18	4.7
SHANKLE	8	2944.0	97.99	932	9.31	4.7
SHANKLE	8	2944.5	130.86	921	8.1	4.9
SHANKLE	8	2945.0	167.9	883	6.22	4.5
SHANKLE	8	2945.5	191.7	822	5195	3.8
SHANKLE	3	2946.0	149.65	711	24.32	2.3
SHANKLE	3	2948.0	75.83	571	34.61	2.8
SHANKLE	3	2948.5	66.28	0.56	28.99	2.7
SHANKLE	3	2949.0	69.44	567	27455	2.6
SHANKLE	3	2949.5	69.67	584	24.68	2.6
SHANKLE	3	2950.0	72.32	609	21265	2.9
SHANKLE	3	2950.5	72.26	634	16795	3.2
SHANKLE	3	2951.0	66.6	652	13.99	3.3
SHANKLE	3	2951.5	66.67	659	14.42	3.2
SHANKLE	3	2952.0	67.49	661	15755	3.2
SHANKLE	3	2952.5	69.17	657	17.91	3.0
SHANKLE	3	2953.0	67.63	649	17.22	3.2
SHANKLE	3	2953.5	74.65	639	16125	3.1
SHANKLE	3	2954.0	69.34	626	16405	3.1
SHANKLE	3	2954.5	67.71	616	17.57	2.9
SHANKLE	3	2955.0	69.85	0.61	18.53	3.0
SHANKLE	3	2955.5	72.99	606	17785	3.0
SHANKLE	3	2956.0	72.73	605	21265	2.8
SHANKLE	3	2956.5	71.24	606	23.97	2.8
SHANKLE	3	2957.0	65.18	607	24.32	3.3
SHANKLE	3	2957.5	76.51	0.61	23925	3.3
SHANKLE	3	2958.0	72.51	615	27215	3.1
SHANKLE	3	2958.5	73.66	622	30125	2.7
SHANKLE	3	2959.0	72.96	627	29985	2.5
SHANKLE	3	2959.5	66.05	628	26215	2.8
SHANKLE	3	2960.0	75.61	624	21255	3.1
SHANKLE	3	2960.5	68.69	621	16645	3.3
SHANKLE	3	2961.0	67.49	621	17925	3.0
SHANKLE	3	2961.5	71.32	0.62	18325	2.9
SHANKLE	3	2962.0	69.16	616	16405	3.1
SHANKLE	3	2962.5	72.18	611	15525	3.3
SHANKLE	3	2963.0	67.16	606	16.48	3.2
SHANKLE	3	2963.5	72.36	606	18.61	3.2
SHANKLE	3	2964.0	76.08	614	19615	3.1
SHANKLE	3	2964.5	75.85	626	21045	2.9
SHANKLE	3	2965.0	72.11	633	22505	2.7
SHANKLE	3	2965.5	73.8	635	22545	2.9
SHANKLE	3	2966.0	71.57	636	17625	3.3
SHANKLE	3	2966.5	71.38	629	14.06	3.6
SHANKLE	3	2967.0	72.44	622	14855	3.1
SHANKLE	3	2967.5	74.87	622	19845	2.8
SHANKLE	3	2968.0	76.01	621	23955	2.4
SHANKLE	3	2968.5	76.11	618	25.4	3.0
SHANKLE	3	2969.0	76.47	624	24095	3.3
SHANKLE	3	2969.5	70.18	628	24.15	3.2
SHANKLE	3	2970.0	71.13	623	24425	2.9
SHANKLE	3	2970.5	74.62	612	21.35	2.9
SHANKLE	3	2971.0	75.04	597	17.66	2.9
SHANKLE	3	2971.5	71.03	576	16.71	2.5
SHANKLE	3	2972.0	79.47	575	35285	2.1
SHANKLE	3	2972.5	76.72	603	51.3	1.8
SHANKLE	3	2973.0	75.01	654	55915	1.8
SHANKLE	6	2974.5	19.52	0.7	9.78	4.6
SHANKLE	8	2975.0	28.87	721	9.73	4.0
SHANKLE	8	2975.5	29.43	781	11.93	3.6
SHANKLE	8	2976.0	29.4	825	12695	3.5
SHANKLE	8	2976.5	31.05	837	11.9	3.6
SHANKLE	8	2977.0	35.29	818	10875	3.7
SHANKLE	5	2977.5	32.75	778	9.39	3.8
SHANKLE	5	2978.0	35.61	738	8.16	3.9
SHANKLE	5	2978.5	36.27	705	7.4	3.6
SHANKLE	5	2979.0	36.51	0.67	8.56	3.2
SHANKLE	5	2979.5	35.86	633	10.67	2.9
SHANKLE	7	2980.0	33.77	599	12535	2.9
SHANKLE	7	2980.5	28.53	567	13935	2.9
SHANKLE	7	2981.0	29.12	539	14.68	2.9
SHANKLE	7	2981.5	29.54	519	14.81	2.8
SHANKLE	7	2982.0	29.95	516	13.68	2.8
SHANKLE	7	2982.5	29.36	529	12.36	3.0
SHANKLE	7	2983.0	34.62	558	10.51	3.3
SHANKLE	7	2983.5	32.74	605	9.08	3.3
SHANKLE	6	2984.0	38.04	666	8405	3.2
SHANKLE	6	2984.5	39.18	728	8235	3.2
SHANKLE	6	2985.0	39.55	792	8035	3.3
SHANKLE	6	2985.5	37.83	846	7.68	3.4
SHANKLE	6	2986.0	35.09	884	7775	3.4
SHANKLE	6	2986.5	38.17	905	7.92	3.6
SHANKLE	6	2987.0	37.4	913	8.16	3.3
SHANKLE	6	2987.5	36.2	913	8.54	3.4
SHANKLE	6	2988.0	38.73	0.91	8.6	3.4
SHANKLE	6	2988.5	36.86	908	8.9	3.5
SHANKLE	6	2989.0	38.24	905	8845	3.4
SHANKLE	6	2989.5	36.1	901	8.5	3.4
SHANKLE	6	2990.0	38.5	897	8.25	3.3
SHANKLE	6	2990.5	35.87	0.89	8.42	3.4
SHANKLE	6	2991.0	37.2	884	8495	3.3
SHANKLE	6	2991.5	39.89	0.88	8695	3.6
SHANKLE	6	2992.0	40.73	876	8505	3.7
SHANKLE	6	2992.5	41.81	873	8845	3.7
SHANKLE	6	2993.0	44.47	872	8.74	3.5
SHANKLE	6	2993.5	43.87	0.87	8715	3.4
SHANKLE	6	2994.0	47.4	872	8375	3.5
SHANKLE	6	2994.5	48.75	875	8.47	3.6
SHANKLE	6	2995.0	53.77	877	8.2	3.6
SHANKLE	6	2995.5	65.61	0.88	8555	3.7
SHANKLE	5	2996.0	79.98	884	8435	3.8
SHANKLE	5	2996.5	115.6	885	8.76	3.9
SHANKLE	5	2997.0	201.75	887	8645	4.1
SHANKLE	5	2997.5	242.75	889	8.42	4.1
SHANKLE	5	2998.0	238.02	893	8515	4.3
SHANKLE	5	2998.5	215.23	899	8.31	4.2
SHANKLE	5	2999.0	168.12	907	8545	4.2
SHANKLE	5	2999.5	124.8	919	8855	3.9
SHANKLE	5	3000.0	102.74	932	8915	4.0
SHANKLE	5	3000.5	102.74	932	8915	4.0
SHANKLE	5	3001.0	81.37	941	8.86	4.1
SHANKLE	5	3001.5	70.46	943	8675	4.2
SHANKLE	5	3002.0	67.29	943	9365	4.1
SHANKLE	5	3002.5	67.61	939	9555	4.1
SHANKLE	4	3003.0	68.63	941	9585	4.1
SHANKLE	4	3003.5	68.45	957	9.95	4.3
SHANKLE	4	3004.0	73.25	996	10.39	4.4
SHANKLE	4	3004.5	73.21	1039	9.95	4.5
SHANKLE	8	3005.0	76.24	1084	7.9	4.6
SHANKLE	8	3005.5	52.57	1118	5215	4.8
SHANKLE	8	3006.0	32.84	1.12	3455	5.1
SHANKLE	8	3006.5	25.16	1112	2.89	4.8
SHANKLE	8	3007.0	25.16	1112	2.89	4.8
SHANKLE	4	3007.5	26.22	1092	3.4	4.5
SHANKLE	4	3008.0	65.36	1026	4715	4.5
NOLAN	2	2853.5	106813	533	15222	3.5
NOLAN	3	2854.0	100938	542	15313	3416
NOLAN	3	2854.5	94375	553	14583	3195
NOLAN	3	2855.0	89813	554	14.11	2963
NOLAN	3	2855.5	91563	0.56	13189	2979
NOLAN	3	2856.0	87188	567	12806	3.16
NOLAN	3	2856.5	84188	569	12253	3223
NOLAN	3	2857.0	84625	567	12229	3361
NOLAN	3	2857.5	90313	581	13458	3395
NOLAN	3	2858.0	91563	578	17922	3076
NOLAN	3	2858.5	85625	0.56	19177	3135
NOLAN	3	2859.0	74188	533	17827	3002
NOLAN	3	2859.5	65875	499	13226	3.16
NOLAN	3	2860.0	63625	467	13013	2773
NOLAN	3	2860.5	65375	0.46	13.46	2541
NOLAN	2	2861.0	65813	453	14.97	2512
NOLAN	2	2861.5	64.5	441	15245	2666
NOLAN	2	2862.0	65313	426	14602	2807
NOLAN	2	2862.5	67063	415	14017	2941
NOLAN	2	2863.0	70.25	401	13585	2981
NOLAN	2	2863.5	72125	383	13406	3078
NOLAN	2	2864.0	79563	357	14205	3.17
NOLAN	2	2864.5	80563	332	16844	3107
NOLAN	2	2865.0	75813	0.31	18242	3012
NOLAN	2	2865.5	65625	295	19674	3014
NOLAN	2	2866.0	57.25	293	19584	2971
NOLAN	2	2866.5	59625	292	19487	2947
NOLAN	2	2867.0	62.0	293	18584	2787
NOLAN	2	2867.5	68438	307	17428	2807
NOLAN	2	2868.0	71063	333	16411	2838
NOLAN	2	2868.5	71188	371	14962	2844
NOLAN	2	2869.0	70938	419	13177	2.76
NOLAN	2	2869.5	66813	463	12282	2.58
NOLAN	2	2870.0	69875	493	11556	2703
NOLAN	2	2870.5	73188	0.5	11769	2795
NOLAN	2	2871.0	81.0	486	12322	2938
NOLAN	2	2871.5	82188	457	13144	2691
NOLAN	2	2872.0	82063	421	15.21	2654
NOLAN	2	2872.5	77375	0.38	16358	2.75
NOLAN	3	2873.0	74.75	341	16326	2891
NOLAN	5	2873.5	73688	0.31	17409	2922
NOLAN	5	2874.0	76.25	295	19977	2981
NOLAN	2	2874.5	73938	301	21143	3065
NOLAN	3	2875.0	75.5	323	20.17	3133
NOLAN	5	2875.5	77938	0.35	16.27	3.32
NOLAN	5	2876.0	85.75	384	13579	3662
NOLAN	5	2876.5	81875	438	9822	4394
NOLAN	8	2877.0	75125	518	7629	4562
NOLAN	8	2877.5	73375	614	6898	4894
NOLAN	8	2878.0	79938	696	6442	5121
NOLAN	8	2878.5	89.5	749	6.54	5098
NOLAN	6	2879.0	85813	767	6905	5008
NOLAN	6	2879.5	75563	751	7075	4695
NOLAN	5	2880.0	60156	724	8125	4359
NOLAN	5	2880.5	55938	703	9324	3.91
NOLAN	6	2881.0	55063	685	10984	3461
NOLAN	4	2881.5	58844	658	11.75	3434
NOLAN	4	2882.0	55906	622	11734	3473
NOLAN	4	2882.5	54781	576	11383	3412
NOLAN	4	2883.0	56375	0.53	10.89	3527
NOLAN	6	2883.5	65125	498	11329	3424
NOLAN	6	2884.0	67813	487	12872	3441
NOLAN	4	2884.5	64938	495	14.28	3201
NOLAN	7	2885.0	58.5	511	16044	3.19
NOLAN	7	2885.5	61313	523	15111	3244
NOLAN	7	2886.0	80563	529	13842	3.67
NOLAN	7	2886.5	104438	0.54	11.49	4227
NOLAN	8	2887.0	116.5	566	11084	4742
NOLAN	8	2887.5	110875	612	10638	4867
NOLAN	8	2888.0	109313	664	10866	4891
NOLAN	8	2888.5	108313	704	10402	5223
NOLAN	6	2889.0	111688	727	10628	5059
NOLAN	6	2889.5	100063	733	9993	5258
NOLAN	6	2890.0	100063	733	9993	5258
NOLAN	8	2890.5	95.0	0.73	9.48	5246
NOLAN	8	2891.0	80563	0.72	8933	5488
NOLAN	6	2891.5	63031	0.7	8487	5863
NOLAN	6	2892.0	43813	667	8527	5715
NOLAN	8	2892.5	33625	628	8551	5848
NOLAN	8	2893.0	29656	591	9098	5187
NOLAN	6	2893.5	26719	559	10524	5047
NOLAN	6	2894.0	22641	531	11687	4.75
NOLAN	8	2894.5	20953	0.5	12667	4797
NOLAN	8	2895.0	22562	0.47	12748	4852
NOLAN	8	2895.5	24406	441	12.49	4914
NOLAN	8	2896.0	24875	418	12006	5.07
NOLAN	8	2896.5	25078	407	11.64	4996
NOLAN	8	2897.0	24422	408	12872	4785
NOLAN	8	2897.5	27781	415	13719	4699
NOLAN	8	2898.0	29734	429	14037	4914
NOLAN	8	2898.5	39656	446	12649	4953
NOLAN	8	2899.0	48.75	462	11727	4492
NOLAN	8	2899.5	52406	486	11133	3815
NOLAN	6	2900.0	50188	522	10.98	3693
NOLAN	5	2900.5	54906	567	10213	3.58
NOLAN	8	2901.0	68063	625	9.7	3863
NOLAN	6	2901.5	79813	702	9289	3871
NOLAN	4	2902.0	88.5	764	9743	4004
NOLAN	4	2902.5	85188	799	10127	3775
NOLAN	4	2903.0	74188	795	8905	4148
NOLAN	4	2903.5	74188	795	8905	4148
NOLAN	5	2904.0	55406	739	6504	4258
NOLAN	6	2904.5	47875	676	4388	4797
NOLAN	8	2905.0	58219	667	5926	4113
NOLAN	8	2905.5	79.25	671	17369	3.49
NOLAN	3	2906.0	93125	664	27246	3057
NOLAN	3	2906.5	94.25	649	27267	2682
NOLAN	3	2907.0	84875	612	20627	3076
NOLAN	3	2907.5	77125	568	14587	3299
NOLAN	3	2908.0	70563	568	13462	3611
NOLAN	3	2908.5	61813	581	12719	3256
NOLAN	2	2909.0	62188	581	12.67	3354
NOLAN	2	2909.5	62563	569	11446	3.25
NOLAN	2	2910.0	74.5	555	11073	3342
NOLAN	2	2910.5	84625	533	13499	3.15
NOLAN	3	2911.0	94.25	525	17.55	3029
NOLAN	3	2911.5	101.0	531	21452	2844
NOLAN	3	2912.0	97.75	0.54	23636	2.75
NOLAN	3	2912.5	90063	551	21519	2699
NOLAN	2	2913.0	79625	573	17839	2885
NOLAN	2	2913.5	73813	601	12376	3262
NOLAN	2	2914.0	77438	636	9483	3418
NOLAN	2	2914.5	72625	681	7522	3373
NOLAN	2	2915.0	69813	716	7393	3232
NOLAN	2	2915.5	65438	728	7403	3231
NOLAN	2	2916.0	65875	719	7386	3356
NOLAN	2	2916.5	67.25	693	7483	3398
NOLAN	2	2917.0	67875	662	8404	3348
NOLAN	2	2917.5	75.0	623	8381	3348
NOLAN	2	2918.0	80938	578	9.3	3457
NOLAN	2	2918.5	86.75	0.55	11256	3223
NOLAN	2	2919.0	92125	528	15.28	2879
NOLAN	2	2919.5	95.0	504	16331	2732
NOLAN	2	2920.0	98625	498	17.43	3008
NOLAN	2	2920.5	97.5	518	19691	3213
NOLAN	3	2921.0	92813	528	24702	2959
NOLAN	3	2921.5	72375	551	24214	2805
NOLAN	8	2922.0	48281	596	19402	2906
NOLAN	8	2922.5	27.25	631	13545	3561
NOLAN	8	2923.0	19875	675	9412	3807
NOLAN	8	2923.5	16906	766	7409	3805
NOLAN	8	2924.0	18391	845	6.18	4094
NOLAN	6	2924.5	21719	905	5097	4418
NOLAN	6	2925.0	25.75	961	4592	4758
NOLAN	8	2925.5	26438	992	4192	5156
NOLAN	8	2926.0	28031	971	4459	5051
NOLAN	8	2926.5	28875	944	4723	5047
NOLAN	8	2927.0	33031	928	5977	4406
NOLAN	8	2927.5	34469	919	6645	3904
NOLAN	5	2928.0	36875	0.92	6643	3609
NOLAN	5	2928.5	38688	933	6138	3785
NOLAN	5	2929.0	42625	941	5014	4312
NOLAN	5	2929.5	42031	938	3713	4598
NOLAN	6	2930.0	37.5	929	2873	4875
NOLAN	6	2930.5	33281	919	2774	4141
NOLAN	8	2931.0	38594	893	3841	3826
NOLAN	8	2931.5	52688	847	4.99	3291
NOLAN	2	2932.0	63938	782	6.93	3393
NOLAN	2	2932.5	74.0	721	9299	3.18
NOLAN	2	2933.0	79813	676	12.49	3.08
NOLAN	2	2933.5	91.25	653	15422	2992
NOLAN	2	2934.0	98.25	643	15822	3082
NOLAN	2	2934.5	98625	623	13.82	3443
NOLAN	2	2935.0	86.5	594	10.4	3684
NOLAN	2	2935.5	77313	567	8614	3.77
NOLAN	3	2936.0	71938	546	8905	3754
NOLAN	3	2936.5	75.75	535	12491	3598
NOLAN	3	2937.0	83563	535	17206	3342
NOLAN	3	2937.5	93813	539	20333	3.08
NOLAN	3	2938.0	99.5	538	18754	3023
NOLAN	3	2938.5	90813	532	16059	3.1
NOLAN	3	2939.0	79813	534	13315	3309
NOLAN	2	2939.5	73313	535	12809	3316
NOLAN	1	2940.0	67625	547	10888	3494
NOLAN	1	2940.5	68063	576	9502	3527
NOLAN	1	2941.0	67625	597	8337	3574
NOLAN	1	2941.5	73688	597	9908	3209
NOLAN	3	2942.0	79.5	625	20658	2682
NOLAN	3	2942.5	82.5	658	26186	2498
NOLAN	3	2943.0	78.75	0.66	26344	2648
NOLAN	3	2943.5	60.25	651	17847	4438
NOLAN	8	2944.0	37125	0.64	11731	5324
NOLAN	8	2944.5	20.75	624	9936	5.52
NOLAN	8	2945.0	14414	657	11411	5152
NOLAN	8	2945.5	14117	721	12506	5023
NOLAN	8	2946.0	15938	0.76	10917	4644
NOLAN	8	2946.5	16797	779	9.19	5152
NOLAN	8	2947.0	18.25	795	7566	4918
NOLAN	8	2947.5	18813	799	7566	4918
NOLAN	8	2948.0	22641	802	6.48	4731
NOLAN	8	2948.5	28969	808	5541	4059
NOLAN	8	2949.0	30.5	813	4889	4.16
NOLAN	8	2949.5	28.75	816	5067	4394
NOLAN	8	2950.0	23406	822	6088	4926
NOLAN	8	2950.5	20359	828	6685	5144
NOLAN	8	2951.0	16828	0.84	6089	5406
NOLAN	8	2951.5	19484	854	4739	5324
NOLAN	6	2952.0	23141	873	3767	5.41
NOLAN	6	2952.5	26719	898	4372	4977
NOLAN	6	2953.0	26688	907	4611	5129
NOLAN	6	2953.5	25.75	882	4144	5184
NOLAN	8	2954.0	32906	839	3632	5223
NOLAN	3	2954.5	55469	795	4397	4762
NOLAN	3	2955.0	81375	741	6675	4004
NOLAN	2	2955.5	98563	688	10013	3711
NOLAN	2	2956.0	102375	643	12424	3527
NOLAN	2	2956.5	102188	601	13809	3486
NOLAN	2	2957.0	101.25	577	13663	2959
NOLAN	2	2957.5	102875	572	13462	2713
NOLAN	2	2958.0	103.25	572	13643	2947
NOLAN	2	2958.5	100688	577	12.73	3074
NOLAN	2	2959.0	95063	0.59	12404	3424
NOLAN	2	2959.5	89.0	607	11621	3369
NOLAN	2	2960.0	89125	624	11417	3596
NOLAN	2	2960.5	83063	642	10498	3648
NOLAN	2	2961.0	76563	652	10.18	3.51
NOLAN	2	2961.5	73.25	654	10254	3242
NOLAN	2	2962.0	79438	655	11018	3176
NOLAN	2	2962.5	89.0	653	11692	3.17
NOLAN	2	2963.0	85.5	641	12036	3131
NOLAN	2	2963.5	80.5	616	11701	3123
NOLAN	2	2964.0	73375	584	11425	3065
NOLAN	2	2964.5	74.75	546	11783	2984
NOLAN	2	2965.0	69063	513	12897	2895
NOLAN	2	2965.5	68375	489	13997	2889
NOLAN	2	2966.0	68313	473	14406	3.09
NOLAN	2	2966.5	76813	462	17231	3201
NOLAN	2	2967.0	89875	467	20171	3.08
NOLAN	3	2967.5	92.75	471	20.61	3143
NOLAN	3	2968.0	84875	467	17256	3512
NOLAN	5	2968.5	58375	462	13151	4285
NOLAN	5	2969.0	37969	467	12337	4543
NOLAN	8	2969.5	21266	0.48	13.2	4551
NOLAN	8	2970.0	17641	513	14221	4719
NOLAN	8	2970.5	15586	548	13538	4656
NOLAN	8	2971.0	15.0	574	12112	4336
NOLAN	8	2971.5	13617	596	11133	4441
NOLAN	8	2972.0	16.25	624	9831	4547
NOLAN	8	2972.5	18781	626	8994	4711
NOLAN	8	2973.0	23219	602	7641	4582
NOLAN	8	2973.5	28328	565	8281	3936
NOLAN	8	2974.0	45063	533	11293	3328
NOLAN	2	2974.5	65125	523	14943	2809
NOLAN	2	2975.0	83938	526	16355	2709
NOLAN	2	2975.5	82563	515	14334	2936
NOLAN	2	2976.0	75.5	493	11491	3275
NOLAN	2	2976.5	66.0	473	9773	3.52
NOLAN	2	2977.0	67313	473	9236	3.4
NOLAN	2	2977.5	71.5	507	9236	3.4
NOLAN	2	2978.0	81.25	564	10481	3316
NOLAN	2	2978.5	90375	614	11596	3147
NOLAN	2	2979.0	92813	646	12898	3184
NOLAN	2	2979.5	87125	0.66	12294	3109
NOLAN	2	2980.0	77563	658	10856	3238
NOLAN	2	2980.5	73375	655	8959	3336
NOLAN	2	2981.0	73438	663	8036	3371
NOLAN	2	2981.5	75.25	664	7922	3289
NOLAN	2	2982.0	76938	651	8534	3127
NOLAN	2	2982.5	80188	611	9171	3106
NOLAN	2	2983.0	88.5	564	9456	3275
NOLAN	2	2983.5	98.5	526	10032	3277
NOLAN	2	2984.0	107125	519	13167	3.26
NOLAN	2	2984.5	108.75	535	20311	2822
NOLAN	3	2985.0	94563	549	25587	2816
NOLAN	5	2985.5	66813	567	23489	3065
NOLAN	8	2986.0	38781	588	17245	4199
NOLAN	8	2986.5	21016	611	11225	5238
NOLAN	8	2987.0	17484	665	6.67	5551
NOLAN	8	2987.5	16234	753	6483	5336
NOLAN	8	2988.0	16672	832	6524	5586
NOLAN	8	2988.5	20172	903	6449	4809
NOLAN	4	2989.0	26953	949	7108	4602
NOLAN	5	2989.5	37594	931	7124	4586
NOLAN	5	2990.0	41188	838	6756	5.32
NOLAN	5	2990.5	43531	684	5608	5254
NOLAN	6	2991.0	42594	524	8.29	3469
NOLAN	6	2991.5	54031	385	15084	2.94
NOLAN	3	2992.0	69.5	269	22478	2617
NOLAN	3	2992.5	74625	182	24017	2855
NOLAN	3	2993.0	63.75	114	23609	2914
NOLAN	3	2993.5	49469	56	23827	2998
NOLAN	3	2994.0	47656	12	24357	3092
NOLAN	3	2994.5	49375	-13	23544	3191
NOLAN	4	2995.0	48031	-19	20059	3592
NOLAN	8	2995.5	43.25	-12	17813	4191
NOLAN	8	2996.0	35844	14	17024	4.93
NOLAN	8	2996.5	28859	46	17326	5102
NOLAN	8	2997.0	22609	77	17955	5156
NOLAN	8	2997.5	22188	98	17955	5156
NOLAN	8	2998.0	22266	102	17962	5254
NOLAN	8	2998.5	30328	98	18053	5102
NOLAN	8	2999.0	35313	0.1	17524	4805
NOLAN	8	2999.5	46313	118	17166	4613
NOLAN	8	3000.0	56594	152	17392	5074
NOLAN	8	3000.5	64938	192	16153	6371
NOLAN	8	3001.0	65.0	225	13.26	8063
NOLAN	8	3001.5	66438	249	9112	7172
NOLAN	8	3002.0	80.5	265	7153	6094
NOLAN	8	3002.5	93313	282	8.17	5.77
NOLAN	8	3003.0	103125	295	11154	5332
NOLAN	8	3003.5	114.25	281	14104	5.07
NOLAN	8	3004.0	131625	252	15703	5094
NOLAN	8	3004.5	141.75	0.22	16154	5465
NOLAN	8	3005.0	129.5	192	15.69	5.82
NOLAN	8	3005.5	120.25	176	15982	5324
NOLAN	8	3006.0	106625	172	16374	5129
NOLAN	8	3006.5	105.0	0.18	16867	4633
NOLAN	8	3007.0	97438	194	16387	4.77
NOLAN	8	3007.5	97688	215	15672	4754
NOLAN	5	3008.0	105875	243	15672	4754
NOLAN	5	3008.5	135625	279	15191	5074
NOLAN	5	3009.0	164.25	323	14264	4984
NOLAN	5	3009.5	168375	376	13528	4836
NOLAN	8	3010.0	137875	434	12349	4977
NOLAN	8	3010.5	98188	484	12242	5039
NOLAN	8	3011.0	79188	519	11796	5141
NOLAN	6	3011.5	76188	529	10591	4699
NOLAN	6	3012.0	88.25	0.52	9123	4574
NOLAN	8	3012.5	102.75	512	8805	4602
NOLAN	8	3013.0	107563	517	11586	4754
NOLAN	3	3013.5	110938	517	14888	3.9
NOLAN	3	3014.0	104.0	501	16974	3231
NOLAN	3	3014.5	98563	474	18862	2744
NOLAN	3	3015.0	91125	447	17347	2805
NOLAN	3	3015.5	93125	425	16233	3076
NOLAN	3	3016.0	101938	422	15259	3545
NOLAN	3	3016.5	107313	426	16416	3492
NOLAN	3	3017.0	112563	424	17188	3381
NOLAN	3	3017.5	110375	427	16546	3289
NOLAN	3	3018.0	113.5	434	16803	3184
NOLAN	3	3018.5	107938	438	18296	3.16
NOLAN	3	3019.0	103.5	448	19762	3.15
NOLAN	3	3019.5	100.25	467	19253	3211
NOLAN	3	3020.0	94.5	483	18242	3299
NOLAN	3	3020.5	94.0	502	16.54	3625
NOLAN	2	3021.0	91188	526	16841	3656
NOLAN	2	3021.5	89938	545	16725	3.83
NOLAN	3	3022.0	86.5	562	17.14	3617
NOLAN	3	3022.5	77938	576	15665	3609
NOLAN	2	3023.0	76813	582	14443	3682
NOLAN	2	3023.5	77688	585	13076	3836
NOLAN	2	3024.0	77563	593	13159	4262
NOLAN	2	3024.5	78563	595	12.97	4102
NOLAN	2	3025.0	76.0	593	13265	3957
NOLAN	2	3025.5	80688	591	12799	3.75
NOLAN	2	3026.0	82125	585	13158	3871
NOLAN	2	3026.5	84.5	0.57	13523	3973
NOLAN	2	3027.0	86688	557	13484	3674
NOLAN	2	3027.5	87.25	546	13598	3596
NOLAN	2	3028.0	87375	531	13188	3467
NOLAN	2	3028.5	87.0	518	13883	3676
NOLAN	2	3029.0	97375	519	15299	3641
NOLAN	2	3029.5	100563	515	17865	3365
NOLAN	2	3030.0	102625	516	18152	3242
NOLAN	2	3030.5	93.75	0.53	17209	3176
NOLAN	3	3031.0	94938	562	16955	3318
NOLAN	8	3031.5	81125	597	19023	3131
NOLAN	8	3032.0	58188	643	15.26	3334
NOLAN	8	3032.5	32969	0.69	11.14	3518
NOLAN	8	3033.0	20969	734	6748	4121
NOLAN	8	3033.5	14461	782	6947	4.0
NOLAN	8	3034.0	13609	859	7059	4305
NOLAN	8	3034.5	13.25	908	7534	4555
NOLAN	8	3035.0	19219	909	7476	4731
NOLAN	8	3035.5	19641	888	7.41	3815
NOLAN	5	3036.0	24266	862	6864	3117
NOLAN	5	3036.5	26141	818	7727	2.75
NOLAN	5	3037.0	29594	773	8687	2957
NOLAN	5	3037.5	32938	734	10374	3078
NOLAN	5	3038.0	36844	697	12005	3283
NOLAN	5	3038.5	44188	667	12435	3172
NOLAN	5	3039.0	50625	661	12703	3031
NOLAN	4	3039.5	57.0	672	12825	2932
NOLAN	4	3040.0	57469	0.69	13132	2943
NOLAN	4	3040.5	48531	709	12384	3182
NOLAN	5	3041.0	40469	728	10228	3137
NOLAN	6	3041.5	32813	752	8.11	3356
NOLAN	5	3042.0	38563	0.79	6809	3557
NOLAN	5	3042.5	46906	844	7696	3481
NOLAN	5	3043.0	54594	896	8614	3354
NOLAN	5	3043.5	51219	931	8.38	3443
NOLAN	5	3044.0	40688	0.94	6443	3871
NOLAN	5	3044.5	34406	939	5181	4105
NOLAN	5	3045.0	31297	0.95	4333	4109
NOLAN	5	3045.5	36469	967	4567	4125
NOLAN	5	3046.0	38906	972	4959	4098
NOLAN	5	3046.5	41906	969	5889	3783
NOLAN	5	3047.0	38719	957	6181	3594
NOLAN	5	3047.5	38125	938	6744	3.57
NOLAN	5	3048.0	41969	915	6516	3.65
NOLAN	5	3048.5	45031	0.89	6.04	3955
NOLAN	5	3049.0	47125	864	5191	4242
NOLAN	5	3049.5	57.75	838	7036	4402
NOLAN	4	3050.0	68375	0.82	9037	4383
NOLAN	6	3050.5	77313	814	10644	4172
NOLAN	6	3051.0	66313	815	10976	4207
NOLAN	8	3051.5	61406	811	9753	4066
NOLAN	8	3052.0	62438	808	8738	4172
NOLAN	8	3052.5	80875	806	7712	3951
NOLAN	8	3053.0	96.5	817	7272	3963
NOLAN	8	3053.5	120188	839	7033	3877
NOLAN	8	3054.0	165625	868	7147	4148
NOLAN	4	3054.5	219375	0.89	8019	4023
NOLAN	4	3055.0	247.5	909	8622	3885
NOLAN	4	3055.5	216.75	0.92	8728	3818
NOLAN	4	3056.0	166625	927	8029	4027
NOLAN	4	3056.5	119063	933	8005	4422
NOLAN	4	3057.0	96563	939	7726	4469
NOLAN	4	3057.5	78188	939	8134	4371
NOLAN	4	3058.0	78188	938	8249	4062
NOLAN	4	3058.5	70.75	936	8249	4062
NOLAN	4	3059.0	61.5	932	8231	4137
NOLAN	4	3059.5	56813	926	8248	4105
NOLAN	4	3060.0	52281	921	8022	3965
NOLAN	4	3060.5	48438	913	8329	3674
NEWBY	3	2826.0	76.34	719	11.0	3.7
NEWBY	3	2826.5	83.74	688	12.55	3.4
NEWBY	3	2827.0	83.19	664	11.95	3.4
NEWBY	3	2827.5	80.44	648	11.15	3.4
NEWBY	3	2828.0	75.42	648	11.45	3.3
NEWBY	3	2828.5	71.5	663	11.6	3.3
NEWBY	3	2829.0	69.63	685	11.35	3.3
NEWBY	3	2829.5	70.01	705	11.1	3.4
NEWBY	3	2830.0	67.56	717	10.8	3.4
NEWBY	3	2830.5	67.33	719	10.75	3.4
NEWBY	3	2831.0	64.77	718	10.45	3.3
NEWBY	3	2831.5	64.8	715	10.05	3.4
NEWBY	2	2832.0	66.25	716	10.45	3.5
NEWBY	2	2832.5	66.55	719	10.4	3.5
NEWBY	2	2833.0	66.13	723	9.85	3.5
NEWBY	2	2833.5	65.54	723	8.65	3.5
NEWBY	2	2834.0	63.07	721	7.75	3.5
NEWBY	2	2834.5	59.71	0.72	7.05	3.4
NEWBY	2	2835.0	57.86	721	7.1	3.3
NEWBY	2	2835.5	54.8	723	7.4	3.3
NEWBY	2	2836.0	51.8	722	7.5	3.3
NEWBY	2	2836.5	52.62	717	7.45	3.3
NEWBY	2	2837.0	53.66	706	7.85	3.4
NEWBY	2	2837.5	55.79	688	8.25	3.3
NEWBY	2	2838.0	58.54	666	8.85	3.2
NEWBY	2	2838.5	60.95	639	9.65	3.3
NEWBY	2	2839.0	66.56	613	10.65	3.3
NEWBY	2	2839.5	70.88	589	11.4	3.2
NEWBY	2	2840.0	71.57	571	12.45	3.1
NEWBY	3	2840.5	72.53	555	13.45	3.2
NEWBY	3	2841.0	67.99	542	14.35	3.1
NEWBY	2	2841.5	60.31	525	14.1	3.2
NEWBY	2	2842.0	55.52	504	11.55	3.2
NEWBY	2	2842.5	56.07	486	11.0	3.2
NEWBY	2	2843.0	62.67	473	15.8	3.2
NEWBY	2	2843.5	66.9	471	21.4	3.2
NEWBY	2	2844.0	68.54	477	24.25	3.2
NEWBY	2	2844.5	68.7	483	22.85	3.2
NEWBY	5	2845.0	63.2	489	17.25	3.4
NEWBY	5	2845.5	60.33	493	15.6	3.7
NEWBY	5	2846.0	58.16	491	14.35	3.8
NEWBY	5	2846.5	52.61	481	11.45	3.9
NEWBY	3	2847.0	45.72	464	8.8	3.9
NEWBY	6	2847.5	35.92	441	7.95	4.0
NEWBY	6	2848.0	26.62	422	10.7	4.3
NEWBY	7	2848.5	24.14	398	12.55	4.0
NEWBY	7	2849.0	24.36	375	12.95	3.9
NEWBY	7	2849.5	23.28	0.35	11.85	4.1
NEWBY	7	2850.0	25.7	334	10.95	4.1
NEWBY	7	2850.5	28.2	336	11.2	3.7
NEWBY	7	2851.0	28.35	352	12.1	3.7
NEWBY	7	2851.5	31.71	377	12.8	3.6
NEWBY	7	2852.0	35.52	405	12.75	3.3
NEWBY	7	2852.5	39.11	431	12.55	3.2
NEWBY	5	2853.0	44.57	458	12.4	3.2
NEWBY	5	2853.5	54.42	0.49	12.35	3.1
NEWBY	5	2854.0	61.72	0.53	13.15	3.1
NEWBY	5	2854.5	66.81	577	13.55	3.1
NEWBY	4	2855.0	74.17	628	13.5	3.2
NEWBY	4	2855.5	82.18	679	12.5	3.5
NEWBY	4	2856.0	85.67	725	9.4	3.6
NEWBY	4	2856.5	87.06	761	6.3	3.8
NEWBY	4	2857.0	84.2	792	4.6	3.8
NEWBY	8	2857.5	83.45	823	4.35	3.9
NEWBY	8	2858.0	90.42	0.86	5.75	3.9
NEWBY	6	2858.5	100.83	898	7.65	3.8
NEWBY	4	2859.0	108.34	0.93	9.65	3.9
NEWBY	4	2859.5	107.75	946	9.85	3.9
NEWBY	4	2860.0	92.63	945	8.55	3.8
NEWBY	4	2860.5	70.46	935	6.25	3.7
NEWBY	8	2861.0	55.67	924	4.65	3.7
NEWBY	8	2861.5	49.35	919	4.1	3.6
NEWBY	8	2862.0	46.82	918	4.8	3.6
NEWBY	8	2862.5	48.11	0.91	6.65	3.8
NEWBY	5	2863.0	51.66	886	8.65	3.7
NEWBY	5	2863.5	49.73	847	10.1	3.6
NEWBY	5	2864.0	51.46	801	11.25	3.6
NEWBY	4	2864.5	54.67	757	12.1	3.6
NEWBY	4	2865.0	56.96	721	12.4	3.6
NEWBY	4	2865.5	58.67	693	12.7	3.6
NEWBY	4	2866.0	61.19	675	12.9	3.6
NEWBY	4	2866.5	60.77	666	13.25	3.7
NEWBY	4	2867.0	60.99	661	13.5	3.7
NEWBY	4	2867.5	63.65	658	13.75	3.6
NEWBY	4	2868.0	66.98	654	13.8	3.5
NEWBY	4	2868.5	68.44	646	14.35	3.5
NEWBY	4	2869.0	71.39	638	14.8	3.4
NEWBY	4	2869.5	73.08	0.63	14.5	3.3
NEWBY	4	2870.0	71.86	624	14.75	3.3
NEWBY	4	2870.5	71.83	623	14.9	3.3
NEWBY	4	2871.0	70.27	624	15.1	3.3
NEWBY	4	2871.5	69.65	626	14.8	3.4
NEWBY	4	2872.0	66.78	631	14.15	3.5
NEWBY	4	2872.5	64.06	638	12.95	3.5
NEWBY	4	2873.0	60.24	651	11.65	3.5
NEWBY	4	2873.5	58.25	667	11.4	3.4
NEWBY	6	2874.0	56.79	687	10.95	3.4
NEWBY	6	2874.5	58.0	703	10.5	3.3
NEWBY	6	2875.0	60.75	0.71	10.6	3.3
NEWBY	4	2875.5	64.48	707	10.45	3.4
NEWBY	4	2876.0	65.37	693	10.25	3.5
NEWBY	4	2876.5	65.84	672	10.8	3.4
NEWBY	4	2877.0	67.38	0.65	11.45	3.3
NEWBY	4	2877.5	67.07	626	12.0	3.2
NEWBY	4	2878.0	65.28	603	12.8	3.0
NEWBY	4	2878.5	65.26	0.58	13.75	2.9
NEWBY	4	2879.0	63.4	559	13.85	2.9
NEWBY	4	2879.5	64.1	544	13.9	2.8
NEWBY	4	2880.0	66.77	542	14.45	2.8
NEWBY	4	2880.5	69.72	554	14.8	2.9
NEWBY	4	2881.0	71.0	0.58	15.2	3.1
NEWBY	4	2881.5	69.77	617	14.65	3.3
NEWBY	4	2882.0	64.39	665	12.45	3.6
NEWBY	4	2882.5	60.94	721	9.45	4.0
NEWBY	4	2883.0	56.89	785	7.1	4.3
NEWBY	6	2883.5	54.2	856	5.45	4.5
NEWBY	6	2884.0	53.14	923	4.35	4.5
NEWBY	6	2884.5	52.7	961	3.45	4.3
NEWBY	6	2885.0	51.93	946	3.65	4.1
NEWBY	8	2885.5	56.1	887	4.55	4.0
NEWBY	8	2886.0	61.49	805	5.95	3.7
NEWBY	5	2886.5	68.77	725	8.1	3.4
NEWBY	5	2887.0	78.57	658	14.2	3.2
NEWBY	5	2887.5	85.47	0.61	21.35	3.0
NEWBY	5	2888.0	88.63	583	28.2	3.0
NEWBY	2	2888.5	88.97	569	31.65	2.9
NEWBY	3	2889.0	84.66	567	30.2	3.1
NEWBY	3	2889.5	76.48	574	24.4	3.4
NEWBY	3	2890.0	69.35	595	18.45	3.5
NEWBY	3	2890.5	63.07	0.63	10.55	3.9
NEWBY	3	2891.0	59.01	675	9.3	4.0
NEWBY	3	2891.5	59.94	719	8.0	4.1
NEWBY	3	2892.0	61.89	0.75	9.45	4.0
NEWBY	3	2892.5	63.84	763	10.1	3.8
NEWBY	3	2893.0	65.13	0.76	10.7	3.8
NEWBY	3	2893.5	65.86	745	11.2	3.7
NEWBY	3	2894.0	64.98	728	11.25	3.7
NEWBY	3	2894.5	63.13	713	11.25	3.6
NEWBY	3	2895.0	61.3	702	10.65	3.6
NEWBY	3	2895.5	59.07	695	10.5	3.5
NEWBY	3	2896.0	54.86	691	9.9	3.4
NEWBY	3	2896.5	52.06	688	9.45	3.2
NEWBY	2	2897.0	50.25	682	8.85	3.1
NEWBY	2	2897.5	49.94	671	8.6	3.1
NEWBY	2	2898.0	49.52	656	8.45	3.2
NEWBY	2	2898.5	50.38	644	8.35	3.3
NEWBY	2	2899.0	51.74	633	8.85	3.3
NEWBY	2	2899.5	54.38	623	9.95	3.4
NEWBY	2	2900.0	57.35	613	10.75	3.3
NEWBY	2	2900.5	60.11	0.6	11.0	3.3
NEWBY	2	2901.0	60.58	589	11.4	3.2
NEWBY	2	2901.5	62.39	0.59	12.6	3.1
NEWBY	2	2902.0	64.39	605	15.3	3.0
NEWBY	2	2902.5	63.97	632	19.4	3.1
NEWBY	2	2903.0	58.9	664	20.6	3.4
NEWBY	2	2903.5	49.15	0.69	18.6	3.7
NEWBY	3	2904.0	37.28	713	13.05	4.0
NEWBY	8	2904.5	37.28	713	13.05	4.0
NEWBY	8	2905.0	24.56	743	9.55	4.5
NEWBY	8	2905.5	18.18	785	8.55	4.6
NEWBY	8	2906.0	15.89	841	8.05	4.6
NEWBY	8	2906.5	15.67	898	7.6	4.6
NEWBY	8	2907.0	15.77	932	7.1	4.5
NEWBY	8	2907.5	14.62	928	6.35	4.5
NEWBY	8	2908.0	13.92	886	5.85	4.6
NEWBY	8	2908.5	14.0	823	6.0	4.4
NEWBY	8	2909.0	15.63	759	7.05	4.1
NEWBY	8	2909.5	18.49	708	9.2	3.9
NEWBY	7	2910.0	23.27	664	10.25	3.8
NEWBY	7	2910.5	29.04	627	10.85	3.6
NEWBY	7	2911.0	33.5	597	9.9	3.6
NEWBY	7	2911.5	35.92	575	8.65	3.7
NEWBY	7	2912.0	37.3	572	8.0	3.8
NEWBY	7	2912.5	37.93	587	8.9	3.9
NEWBY	7	2913.0	37.01	622	9.1	4.0
NEWBY	5	2913.5	34.72	671	8.8	4.2
NEWBY	5	2914.0	33.39	723	7.9	4.3
NEWBY	6	2914.5	32.48	769	6.8	4.4
NEWBY	6	2915.0	30.69	806	6.2	4.8
NEWBY	6	2915.5	30.51	833	5.45	4.8
NEWBY	8	2916.0	29.42	846	4.95	4.7
NEWBY	8	2916.5	30.47	842	5.3	4.7
NEWBY	6	2917.0	32.09	822	6.4	4.7
NEWBY	6	2917.5	32.14	0.79	8.15	4.6
NEWBY	8	2918.0	32.99	757	10.25	4.5
NEWBY	8	2918.5	31.58	727	11.95	4.5
NEWBY	8	2919.0	29.07	706	12.75	4.4
NEWBY	8	2919.5	29.97	693	12.95	4.3
NEWBY	8	2920.0	37.44	688	12.25	4.3
NEWBY	8	2920.5	52.59	687	10.65	4.3
NEWBY	6	2921.0	68.18	684	8.35	4.1
NEWBY	6	2921.5	80.25	674	7.3	3.9
NEWBY	8	2922.0	86.51	0.65	7.9	3.7
NEWBY	8	2922.5	86.09	616	8.9	3.4
NEWBY	4	2923.0	86.09	616	8.9	3.4
NEWBY	4	2923.5	83.41	579	14.45	3.2
NEWBY	3	2924.0	84.51	545	19.65	3.2
NEWBY	3	2924.5	85.03	521	25.15	3.1
NEWBY	3	2925.0	87.36	0.5	28.7	3.1
NEWBY	2	2925.5	85.73	481	28.35	3.2
NEWBY	2	2926.0	80.2	465	24.5	3.1
NEWBY	2	2926.5	76.12	456	19.35	3.1
NEWBY	2	2927.0	74.5	467	14.1	3.5
NEWBY	2	2927.5	73.97	498	16.85	3.5
NEWBY	3	2928.0	71.24	545	20.15	3.6
NEWBY	3	2928.5	66.7	605	21.15	3.9
NEWBY	6	2929.0	66.7	605	21.15	3.9
NEWBY	6	2929.5	59.42	663	18.05	4.2
NEWBY	6	2930.0	49.0	713	13.7	4.3
NEWBY	6	2930.5	39.46	0.76	10.25	4.6
NEWBY	9	2931.0	32.31	816	10.3	4.7
NEWBY	9	2931.5	26.09	886	11.75	4.7
NEWBY	9	2932.0	22.37	0.96	12.2	4.7
NEWBY	9	2932.5	19.97	1.01	11.7	4.7
NEWBY	9	2933.0	18.36	1013	10.25	4.9
NEWBY	9	2933.5	16.5	964	7.7	5.0
NEWBY	9	2934.0	14.84	0.88	5.7	5.0
NEWBY	9	2934.5	15.72	786	6.4	5.0
NEWBY	8	2935.0	17.86	0.7	8.45	4.9
NEWBY	8	2935.5	19.9	623	11.45	4.7
NEWBY	8	2936.0	22.42	561	14.45	4.6
NEWBY	8	2936.5	22.62	517	16.1	4.5
NEWBY	8	2937.0	20.93	489	16.2	4.4
NEWBY	8	2937.5	19.85	0.48	15.65	4.3
NEWBY	8	2938.0	18.3	494	14.65	4.1
NEWBY	6	2938.5	19.39	531	13.35	3.8
NEWBY	6	2939.0	24.34	585	11.2	3.8
NEWBY	6	2939.5	29.67	646	8.4	3.8
NEWBY	6	2940.0	33.9	709	6.3	3.8
NEWBY	6	2940.5	39.83	757	4.95	3.9
NEWBY	6	2941.0	44.94	794	4.7	3.9
NEWBY	4	2941.5	48.55	814	6.2	3.8
NEWBY	3	2942.0	57.21	779	8.5	3.6
NEWBY	3	2942.5	60.19	732	9.0	3.5
NEWBY	3	2943.0	60.63	684	9.4	3.4
NEWBY	3	2943.5	64.74	645	14.75	3.2
NEWBY	3	2944.0	72.79	623	18.95	3.1
NEWBY	3	2944.5	78.41	614	22.15	3.0
NEWBY	3	2945.0	83.39	607	21.65	3.1
NEWBY	3	2945.5	82.25	0.6	17.85	3.3
NEWBY	3	2946.0	75.88	592	12.25	3.4
NEWBY	2	2946.5	72.24	589	12.45	3.3
NEWBY	2	2947.0	67.99	589	11.95	3.2
NEWBY	3	2947.5	65.41	0.59	11.45	3.3
NEWBY	3	2948.0	64.93	588	10.65	3.3
NEWBY	2	2948.5	61.87	579	11.1	3.2
NEWBY	2	2949.0	59.81	565	10.85	3.2
NEWBY	2	2949.5	60.59	547	11.6	3.2
NEWBY	2	2950.0	65.68	529	11.75	3.2
NEWBY	2	2950.5	73.12	519	12.1	3.2
NEWBY	2	2951.0	77.69	0.52	12.85	3.3
NEWBY	3	2951.5	77.23	537	13.9	3.4
NEWBY	3	2952.0	72.51	567	14.1	3.5
NEWBY	3	2952.5	59.53	605	13.3	3.9
NEWBY	5	2953.0	59.53	605	13.3	3.9
NEWBY	8	2953.5	46.1	644	12.45	4.0
NEWBY	8	2954.0	34.9	0.68	8.5	4.3
NEWBY	8	2954.5	27.06	711	6.7	4.4
NEWBY	8	2955.0	23.8	724	6.05	4.4
NEWBY	8	2955.5	23.73	714	5.95	4.2
NEWBY	8	2956.0	25.3	677	6.85	4.0
NEWBY	8	2956.5	30.73	627	8.05	3.6
NEWBY	5	2957.0	40.11	583	9.8	3.4
NEWBY	9	2957.5	51.02	553	12.3	3.2
NEWBY	3	2958.0	59.94	533	14.55	3.1
NEWBY	3	2958.5	66.64	521	14.85	3.0
NEWBY	2	2959.0	67.56	512	12.7	2.9
NEWBY	2	2959.5	64.7	512	10.55	3.0
NEWBY	2	2960.0	62.96	522	9.5	3.2
NEWBY	2	2960.5	63.92	544	9.7	3.2
NEWBY	3	2961.0	66.19	569	10.35	3.2
NEWBY	2	2961.5	67.73	591	10.75	3.3
NEWBY	2	2962.0	69.53	603	11.4	3.3
NEWBY	2	2962.5	69.57	609	11.5	3.1
NEWBY	2	2963.0	66.4	606	10.65	3.1
NEWBY	2	2963.5	63.73	602	9.65	3.1
NEWBY	2	2964.0	61.19	598	8.85	3.2
NEWBY	2	2964.5	61.34	593	8.8	3.2
NEWBY	2	2965.0	63.16	587	9.5	3.2
NEWBY	2	2965.5	67.6	581	10.05	3.2
NEWBY	2	2966.0	72.68	579	10.8	3.2
NEWBY	2	2966.5	76.58	587	11.35	3.2
NEWBY	3	2967.0	76.67	605	13.5	3.4
NEWBY	3	2967.5	72.12	629	15.1	3.6
NEWBY	8	2968.0	60.07	656	13.75	3.9
NEWBY	8	2968.5	48.91	681	10.65	4.3
NEWBY	8	2969.0	39.4	708	7.3	4.7
NEWBY	8	2969.5	33.8	736	7.7	4.9
NEWBY	6	2970.0	34.66	757	7.75	4.7
NEWBY	6	2970.5	36.28	766	6.4	4.8
NEWBY	6	2971.0	34.45	753	5.75	4.5
NEWBY	6	2971.5	30.67	0.72	6.25	4.3
NEWBY	5	2972.0	26.59	668	6.5	4.2
NEWBY	5	2972.5	23.77	609	6.35	4.0
NEWBY	6	2973.0	25.2	0.55	6.65	3.8
NEWBY	6	2973.5	29.99	0.5	7.25	3.5
NEWBY	4	2974.0	37.46	461	8.85	3.4
NEWBY	2	2974.5	47.6	433	11.5	3.2
NEWBY	2	2975.0	57.5	0.41	14.95	3.0
NEWBY	3	2975.5	68.77	389	19.0	2.9
NEWBY	3	2976.0	80.03	373	20.6	2.9
NEWBY	3	2976.5	84.28	358	21.8	3.0
NEWBY	3	2977.0	85.4	346	20.9	3.1
NEWBY	3	2977.5	88.92	338	19.9	3.3
NEWBY	3	2978.0	89.45	336	19.8	3.3
NEWBY	3	2978.5	90.91	342	20.05	3.3
NEWBY	3	2979.0	97.24	356	20.1	3.4
NEWBY	3	2979.5	100.16	382	21.7	3.5
NEWBY	3	2980.0	100.42	0.42	23.0	3.5
NEWBY	3	2980.5	94.18	464	22.9	3.5
NEWBY	3	2981.0	94.18	464	22.9	3.5
NEWBY	8	2981.5	81.3	513	20.6	3.7
NEWBY	8	2982.0	64.21	571	15.0	3.8
NEWBY	8	2982.5	48.35	639	9.95	4.1
NEWBY	8	2983.0	36.53	0.72	7.95	4.4
NEWBY	8	2983.5	33.58	797	6.95	4.6
NEWBY	6	2984.0	34.97	866	6.95	4.7
NEWBY	6	2984.5	37.31	917	6.2	4.6
NEWBY	5	2985.0	38.17	944	5.35	4.7
NEWBY	5	2985.5	38.05	957	4.7	4.8
NEWBY	5	2986.0	35.15	957	4.15	4.8
NEWBY	5	2986.5	32.92	947	3.1	4.8
NEWBY	5	2987.0	30.87	927	2.6	4.9
NEWBY	6	2987.5	30.25	894	3.3	4.9
NEWBY	6	2988.0	31.22	846	5.5	4.9
NEWBY	6	2988.5	34.06	0.78	7.95	4.8
NEWBY	6	2989.0	35.49	704	9.8	4.8
NEWBY	6	2989.5	36.73	617	10.7	4.9
NEWBY	9	2990.0	37.54	542	12.2	4.8
NEWBY	9	2990.5	35.97	0.48	14.35	4.7
NEWBY	9	2991.0	35.91	433	16.4	4.7
NEWBY	9	2991.5	36.21	396	17.3	4.7
NEWBY	9	2992.0	34.79	371	17.45	4.6
NEWBY	9	2992.5	34.92	358	17.75	4.6
NEWBY	9	2993.0	35.83	358	17.6	4.6
NEWBY	9	2993.5	35.65	367	16.65	4.6
NEWBY	9	2994.0	37.74	375	15.95	4.6
NEWBY	9	2994.5	41.79	377	14.9	4.5
NEWBY	9	2995.0	46.41	369	14.35	4.5
NEWBY	9	2995.5	51.44	356	14.95	4.5
NEWBY	9	2996.0	54.21	344	16.1	4.5
NEWBY	9	2996.5	52.96	0.34	17.45	4.6
NEWBY	9	2997.0	50.39	346	18.3	4.6
NEWBY	9	2997.5	50.0	0.36	17.55	4.6
NEWBY	9	2998.0	60.82	384	15.2	4.7
NEWBY	9	2998.5	99.31	418	11.6	4.6
NEWBY	6	2999.0	166.94	464	8.25	4.6
NEWBY	6	2999.5	235.25	526	5.85	4.6
NEWBY	6	3000.0	285.47	599	4.6	4.4
NEWBY	6	3000.5	305.87	666	4.8	4.3
NEWBY	6	3001.0	291.37	703	5.05	4.2
NEWBY	6	3001.5	252.41	0.7	5.9	3.9
NEWBY	8	3002.0	208.53	669	10.15	3.6
NEWBY	5	3002.5	169.07	631	15.0	3.4
NEWBY	3	3003.0	136.52	594	17.75	3.4
NEWBY	3	3003.5	108.53	561	20.7	3.3
NEWBY	3	3004.0	89.16	533	19.6	3.4
NEWBY	3	3004.5	80.39	513	18.25	3.5
NEWBY	3	3005.0	78.07	501	18.05	3.6
NEWBY	3	3005.5	76.31	496	18.35	3.6
NEWBY	3	3006.0	72.35	497	18.6	3.7
NEWBY	3	3006.5	74.77	504	19.3	3.7
NEWBY	3	3007.0	75.05	515	19.55	3.8
NEWBY	3	3007.5	71.98	529	19.35	3.8
NEWBY	3	3008.0	71.05	542	17.9	3.7
NEWBY	3	3008.5	68.96	549	15.75	3.7
NEWBY	2	3009.0	64.84	554	13.6	3.6
NEWBY	2	3009.5	65.22	558	12.6	3.6
NEWBY	2	3010.0	66.6	565	13.5	3.5
NEWBY	2	3010.5	68.59	574	14.6	3.5
NEWBY	2	3011.0	73.44	585	16.7	3.5
NEWBY	2	3011.5	76.76	595	16.7	3.4
NEWBY	2	3012.0	78.76	603	16.6	3.4
NEWBY	2	3012.5	80.33	607	16.15	3.6
NEWBY	2	3013.0	77.14	613	15.7	3.7
NEWBY	2	3013.5	71.91	621	13.95	3.7
NEWBY	2	3014.0	68.44	631	13.0	3.8
NEWBY	2	3014.5	64.99	0.64	11.3	3.8
NEWBY	2	3015.0	64.47	643	12.1	3.7
NEWBY	2	3015.5	64.96	632	12.15	3.6
NEWBY	2	3016.0	66.29	609	12.55	3.4
NEWBY	2	3016.5	67.6	577	12.8	3.4
NEWBY	2	3017.0	67.43	545	15.8	3.3
NEWBY	2	3017.5	68.87	0.52	19.5	3.2
NEWBY	2	3018.0	73.88	502	21.45	3.3
NEWBY	2	3018.5	77.89	0.49	23.15	3.4
NEWBY	2	3019.0	83.49	484	23.15	3.4
NEWBY	2	3019.5	87.98	484	21.65	3.4
NEWBY	2	3020.0	86.45	497	21.25	3.4
NEWBY	2	3020.5	86.29	521	19.95	3.4
NEWBY	2	3021.0	82.18	565	17.95	3.6
NEWBY	2	3021.5	77.07	621	20.65	3.5
NEWBY	2	3022.0	72.45	689	21.65	3.8
NEWBY	2	3022.5	63.1	753	20.55	3.8
NEWBY	2	3023.0	49.23	806	15.3	3.9
NEWBY	8	3023.5	37.7	852	9.0	4.3
NEWBY	8	3024.0	26.37	0.89	6.1	4.5
NEWBY	6	3024.5	19.57	916	7.0	4.5
NEWBY	6	3025.0	17.32	916	7.0	4.3
NEWBY	6	3025.5	17.09	891	6.1	4.1
NEWBY	6	3026.0	19.53	856	5.75	3.9
NEWBY	6	3026.5	25.62	826	6.25	3.7
NEWBY	6	3027.0	33.05	808	7.85	3.5
NEWBY	6	3027.5	42.69	796	9.9	3.4
NEWBY	6	3028.0	47.37	786	10.75	3.4
NEWBY	6	3028.5	47.9	781	9.9	3.5
NEWBY	6	3029.0	45.19	787	8.95	3.6
NEWBY	6	3029.5	40.54	812	8.55	3.7
NEWBY	6	3030.0	38.91	851	8.45	3.8
NEWBY	6	3030.5	39.62	898	8.1	4.1
NEWBY	6	3031.0	38.84	936	6.85	4.0
NEWBY	6	3031.5	37.8	961	6.0	4.2
NEWBY	6	3032.0	35.03	979	5.1	4.2
NEWBY	6	3032.5	33.44	999	4.95	4.1
NEWBY	6	3033.0	36.21	1024	5.75	3.9
NEWBY	6	3033.5	40.89	1.05	6.8	3.9
NEWBY	6	3034.0	43.3	1063	7.4	3.9
NEWBY	6	3034.5	43.27	1.06	7.05	3.7
NEWBY	6	3035.0	38.84	1048	5.45	3.8
NEWBY	6	3035.5	35.26	1.04	4.6	4.0
NEWBY	6	3036.0	31.52	1039	4.4	3.9
NEWBY	6	3036.5	34.32	1042	4.7	3.9
NEWBY	6	3037.0	37.35	1043	5.65	4.0
NEWBY	6	3037.5	39.69	1035	6.4	4.0
NEWBY	6	3038.0	43.08	1024	7.05	3.9
NEWBY	6	3038.5	46.27	1015	7.15	3.8
NEWBY	6	3039.0	47.77	1009	7.4	3.8
NEWBY	6	3039.5	49.96	1008	7.45	3.9
NEWBY	6	3040.0	51.09	1008	6.65	4.0
NEWBY	6	3040.5	50.21	1007	5.7	4.1
NEWBY	6	3041.0	50.4	1003	5.5	4.1
NEWBY	6	3041.5	50.99	994	5.75	4.2
NEWBY	6	3042.0	49.18	973	6.6	4.2
NEWBY	6	3042.5	48.64	0.94	6.85	4.1
NEWBY	6	3043.0	47.11	909	7.25	4.0
NEWBY	6	3043.5	48.61	889	7.85	3.9
NEWBY	4	3044.0	55.32	888	8.3	3.9
NEWBY	4	3044.5	60.5	907	9.0	3.9
NEWBY	6	3045.0	69.16	939	9.45	4.0
NEWBY	6	3045.5	77.53	979	8.0	4.2
NEWBY	6	3046.0	76.88	1022	6.15	4.4
NEWBY	9	3046.5	70.4	1064	4.0	4.4
NEWBY	9	3047.0	63.2	1101	2.4	4.3
NEWBY	9	3047.5	53.89	1118	2.3	4.2
NEWBY	9	3048.0	56.2	1107	2.7	4.2
NEWBY	6	3048.5	78.23	1074	3.1	4.1
NEWBY	6	3049.0	112.92	1022	5.1	4.1
NEWBY	6	3049.5	144.15	963	7.7	4.1
NEWBY	4	3050.0	157.21	899	9.95	4.4
NEWBY	5	3050.5	152.6	839	11.4	4.2
NEWBY	4	3051.0	140.93	792	12.25	4.1
NEWBY	4	3051.5	122.45	761	13.3	4.0
NEWBY	4	3052.0	110.67	748	15.15	3.9
NEWBY	4	3052.5	108.85	754	15.85	3.6
NEWBY	4	3053.0	105.74	775	16.05	3.6
NEWBY	4	3053.5	100.04	803	16.85	3.7
NEWBY	4	3054.0	92.64	828	16.05	3.9
NEWBY	6	3054.5	80.47	841	12.5	4.0
NEWBY	6	3055.0	66.94	838	8.0	4.2
NEWBY	6	3055.5	54.06	823	5.45	4.3
NEWBY	6	3056.0	47.87	797	4.85	4.4
NEWBY	6	3056.5	49.34	763	4.85	4.1
NEWBY	8	3057.0	59.88	721	7.2	3.9
