Well_Name	Facies	Depth	GR	ILD_log10	DeltaPHI	PHIND
						
SHRIMPLIN	3	2793.0	77.45	664	9.9	11915
SHRIMPLIN	3	2793.5	78.26	661	14.2	12565
SHRIMPLIN	3	2794.0	79.05	658	14.8	13.05
SHRIMPLIN	3	2794.5	86.1	655	13.9	13115
SHRIMPLIN	3	2795.0	74.58	647	13.5	13.3
SHRIMPLIN	3	2795.5	73.97	636	14.0	13385
SHRIMPLIN	3	2796.0	73.72	0.63	15.6	13.93
SHRIMPLIN	3	2796.5	75.65	625	16.5	13.92
SHRIMPLIN	3	2797.0	73.79	624	16.2	13.98
SHRIMPLIN	3	2797.5	76.89	615	16.9	14.22
SHRIMPLIN	3	2798.0	76.11	0.6	14.8	13375
SHRIMPLIN	3	2798.5	74.95	583	13.3	12.69
SHRIMPLIN	3	2799.0	71.87	561	11.3	12475
SHRIMPLIN	3	2799.5	83.42	537	13.3	14.93
SHRIMPLIN	2	2800.0	90.1	519	14.3	16555
SHRIMPLIN	2	2800.5	78.15	467	11.8	15.96
SHRIMPLIN	2	2801.0	69.3	438	9.5	15.12
SHRIMPLIN	2	2801.5	63.54	418	8.8	15.19
SHRIMPLIN	2	2802.0	63.87	401	7.2	15.39
SHRIMPLIN	2	2802.5	58.32	386	6.6	14885
SHRIMPLIN	2	2803.0	56.61	369	5.5	14.8
SHRIMPLIN	2	2803.5	55.97	352	6.1	14.46
SHRIMPLIN	2	2804.0	63.67	344	6.0	14745
SHRIMPLIN	2	2804.5	66.2	342	6.8	15135
SHRIMPLIN	2	2805.0	61.27	346	6.1	15.48
SHRIMPLIN	3	2805.5	69.48	354	5.8	14675
SHRIMPLIN	3	2806.0	76.37	354	5.2	13635
SHRIMPLIN	2	2806.5	82.2	348	7.4	15055
SHRIMPLIN	2	2807.0	90.25	346	11.5	20.23
SHRIMPLIN	2	2807.5	94.38	358	14.2	24015
SHRIMPLIN	2	2808.0	87.44	377	13.9	23.58
SHRIMPLIN	2	2808.5	70.98	401	11.5	18395
SHRIMPLIN	2	2809.0	64.72	439	10.3	13815
SHRIMPLIN	3	2809.5	54.29	0.47	9.9	9.44
SHRIMPLIN	3	2810.0	41.46	493	11.1	5255
SHRIMPLIN	3	2810.5	50.93	524	12.1	5265
SHRIMPLIN	3	2811.0	72.79	543	11.3	11.76
SHRIMPLIN	3	2811.5	95.34	555	14.1	17665
SHRIMPLIN	3	2812.0	102.35	558	15.8	20145
SHRIMPLIN	3	2812.5	79.7	549	15.5	18.07
SHRIMPLIN	3	2813.0	66.69	0.53	14.0	15.72
SHRIMPLIN	2	2813.5	73.68	521	14.7	15.98
SHRIMPLIN	2	2814.0	71.05	535	17.2	18.02
SHRIMPLIN	8	2814.5	57.02	628	11.6	12.09
SHRIMPLIN	8	2815.0	43.29	702	7.3	6705
SHRIMPLIN	8	2815.5	36.06	762	5.7	4595
SHRIMPLIN	8	2816.0	46.0	823	5.1	4.62
SHRIMPLIN	6	2816.5	60.3	915	4.6	5.01
SHRIMPLIN	6	2817.0	75.22	999	4.4	5295
SHRIMPLIN	6	2817.5	87.19	1045	4.7	5.32
SHRIMPLIN	6	2818.0	86.86	1064	5.2	5785
SHRIMPLIN	6	2818.5	88.0	1051	6.5	6.38
SHRIMPLIN	6	2819.0	75.47	1018	7.8	7215
SHRIMPLIN	6	2819.5	59.36	972	10.0	8925
SHRIMPLIN	6	2820.0	55.57	952	8.6	9355
SHRIMPLIN	6	2820.5	46.96	924	5.4	9.12
SHRIMPLIN	6	2821.0	43.67	876	3.6	8225
SHRIMPLIN	6	2821.5	55.23	826	5.1	7875
SHRIMPLIN	6	2822.0	61.24	777	9.7	8575
SHRIMPLIN	6	2822.5	54.46	728	12.8	10.66
SHRIMPLIN	7	2823.0	43.23	699	14.9	12375
SHRIMPLIN	7	2823.5	44.59	682	16.0	13.54
SHRIMPLIN	4	2824.0	47.48	676	16.5	12.89
SHRIMPLIN	4	2824.5	61.1	671	15.2	11785
SHRIMPLIN	4	2825.0	64.82	0.68	9.1	8.97
SHRIMPLIN	4	2825.5	55.77	0.71	6.1	8.93
SHRIMPLIN	4	2826.0	62.22	744	4.3	9215
SHRIMPLIN	6	2826.5	55.06	786	2.9	9.5
SHRIMPLIN	6	2827.0	71.02	839	3.1	8.89
SHRIMPLIN	6	2827.5	91.37	881	3.9	8.06
SHRIMPLIN	6	2828.0	115.42	911	5.2	6875
SHRIMPLIN	6	2828.5	115.7	0.94	5.9	6085
SHRIMPLIN	6	2829.0	107.11	972	6.0	6135
SHRIMPLIN	6	2829.5	93.82	1008	5.8	6.64
SHRIMPLIN	6	2830.0	61.63	1061	3.6	6865
SHRIMPLIN	6	2830.5	45.98	1076	3.6	6.25
SHRIMPLIN	6	2831.0	32.76	1071	3.0	6225
SHRIMPLIN	6	2831.5	37.82	1058	3.6	6.19
SHRIMPLIN	6	2832.0	40.73	1038	2.3	6375
SHRIMPLIN	6	2832.5	33.42	1005	2.2	6.61
SHRIMPLIN	6	2833.0	32.08	968	2.2	7355
SHRIMPLIN	6	2833.5	33.82	943	2.1	8.33
SHRIMPLIN	6	2834.0	45.57	924	1.1	8.84
SHRIMPLIN	6	2834.5	53.95	0.9	1.9	8125
SHRIMPLIN	6	2835.0	59.42	875	4.3	7845
SHRIMPLIN	6	2835.5	68.43	854	8.3	8665
SHRIMPLIN	6	2836.0	75.88	849	11.0	10.04
SHRIMPLIN	6	2836.5	77.75	864	11.3	10.85
SHRIMPLIN	6	2837.0	80.93	907	9.6	9815
SHRIMPLIN	6	2837.5	72.92	932	7.3	7475
SHRIMPLIN	6	2838.0	65.59	0.92	5.7	5265
SHRIMPLIN	6	2838.5	64.71	886	3.6	4045
SHRIMPLIN	6	2839.0	60.79	829	2.9	4.36
SHRIMPLIN	6	2839.5	78.55	754	2.0	9795
SHRIMPLIN	3	2840.0	107.77	713	1.8	19545
SHRIMPLIN	3	2840.5	110.87	686	6.0	26.65
SHRIMPLIN	3	2841.0	106.33	665	8.6	26.94
SHRIMPLIN	3	2841.5	87.85	0.64	9.6	21.77
SHRIMPLIN	3	2842.0	80.96	601	9.0	15.99
SHRIMPLIN	2	2842.5	66.94	568	11.2	12565
SHRIMPLIN	2	2843.0	61.48	561	12.0	11.69
SHRIMPLIN	2	2843.5	58.26	568	12.4	12285
SHRIMPLIN	2	2844.0	51.31	585	12.7	11735
SHRIMPLIN	2	2844.5	67.92	583	13.2	11.73
SHRIMPLIN	2	2845.0	67.77	566	14.1	12475
SHRIMPLIN	2	2845.5	67.73	543	14.4	13095
SHRIMPLIN	2	2846.0	68.85	516	12.1	13.35
SHRIMPLIN	2	2846.5	73.2	496	9.7	15.12
SHRIMPLIN	3	2847.0	84.46	486	6.1	20.48
SHRIMPLIN	3	2847.5	96.96	483	7.0	23225
SHRIMPLIN	3	2848.0	95.54	486	9.4	21305
SHRIMPLIN	3	2848.5	88.67	493	13.2	17235
SHRIMPLIN	3	2849.0	88.54	501	13.1	16.71
SHRIMPLIN	3	2849.5	92.22	501	11.2	18675
SHRIMPLIN	2	2850.0	89.67	491	4.9	20405
SHRIMPLIN	2	2850.5	91.17	0.47	2.2	20.3
SHRIMPLIN	2	2851.0	83.62	435	5.1	17.16
SHRIMPLIN	2	2851.5	85.0	401	8.3	15.87
SHRIMPLIN	2	2852.0	77.7	371	7.5	16.85
SHRIMPLIN	2	2852.5	74.29	334	6.1	17.3
SHRIMPLIN	2	2853.0	70.21	307	5.4	17.57
SHRIMPLIN	2	2853.5	76.38	297	4.7	17195
SHRIMPLIN	2	2854.0	76.28	301	4.4	16415
SHRIMPLIN	2	2854.5	69.04	314	4.1	14.19
SHRIMPLIN	2	2855.0	78.11	338	5.8	13.25
SHRIMPLIN	3	2855.5	84.18	377	6.8	15.72
SHRIMPLIN	3	2856.0	85.85	428	6.6	20045
SHRIMPLIN	3	2856.5	89.6	0.47	4.4	20455
SHRIMPLIN	3	2857.0	80.61	509	3.6	16.78
SHRIMPLIN	3	2857.5	79.36	539	7.5	11.78
SHRIMPLIN	3	2858.0	83.05	548	8.1	14545
SHRIMPLIN	3	2858.5	95.0	556	9.2	23.83
SHRIMPLIN	5	2859.0	85.04	629	6.4	26.67
SHRIMPLIN	5	2859.5	46.18	668	4.3	16.61
SHRIMPLIN	5	2860.0	34.53	703	4.9	8.22
SHRIMPLIN	5	2860.5	35.19	744	7.9	4.71
SHRIMPLIN	8	2861.0	27.85	803	7.8	4.24
SHRIMPLIN	8	2861.5	23.48	913	6.0	4.22
SHRIMPLIN	8	2862.0	20.42	1031	5.0	3785
SHRIMPLIN	8	2862.5	20.55	1147	4.1	3145
SHRIMPLIN	8	2863.0	19.99	1292	4.7	2195
SHRIMPLIN	8	2863.5	21.18	1405	5.2	1.59
SHRIMPLIN	8	2864.0	18.63	1452	4.7	1755
SHRIMPLIN	6	2864.5	29.41	1465	4.2	2.36
SHRIMPLIN	6	2865.0	43.09	1.48	3.1	3.11
SHRIMPLIN	6	2865.5	48.95	1479	4.2	2.95
SHRIMPLIN	6	2866.0	45.84	1437	4.1	3.03
SHRIMPLIN	6	2866.5	45.04	1.36	4.2	3.02
SHRIMPLIN	6	2867.0	42.92	1249	3.6	3445
SHRIMPLIN	6	2867.5	53.11	1104	3.3	4095
SHRIMPLIN	3	2868.0	67.55	966	4.2	5.13
SHRIMPLIN	3	2868.5	73.99	862	6.1	7.84
SHRIMPLIN	3	2869.0	83.09	806	9.4	11.2
SHRIMPLIN	3	2869.5	97.28	763	10.5	13.97
SHRIMPLIN	2	2870.0	95.16	714	9.6	12.96
SHRIMPLIN	2	2870.5	79.88	661	8.6	10425
SHRIMPLIN	2	2871.0	76.38	602	8.9	8785
SHRIMPLIN	2	2871.5	75.68	561	11.4	10305
SHRIMPLIN	2	2872.0	84.59	537	13.4	13745
SHRIMPLIN	3	2872.5	103.43	525	14.6	16.66
SHRIMPLIN	3	2873.0	103.41	522	14.7	17625
SHRIMPLIN	3	2873.5	99.27	0.52	13.0	16245
SHRIMPLIN	3	2874.0	92.94	516	12.1	14.85
SHRIMPLIN	3	2874.5	92.9	507	11.4	13.27
SHRIMPLIN	3	2875.0	80.32	504	11.0	12.48
SHRIMPLIN	2	2875.5	83.63	512	10.1	11525
SHRIMPLIN	2	2876.0	67.81	529	9.4	11.31
SHRIMPLIN	2	2876.5	67.88	559	9.7	10865
SHRIMPLIN	2	2877.0	64.39	589	8.4	10365
SHRIMPLIN	2	2877.5	61.99	604	6.9	9385
SHRIMPLIN	2	2878.0	62.5	604	5.5	8.53
SHRIMPLIN	2	2878.5	58.64	0.58	5.3	8.6
SHRIMPLIN	2	2879.0	64.04	543	5.7	9.98
SHRIMPLIN	2	2879.5	78.8	519	5.4	13745
SHRIMPLIN	3	2880.0	78.88	502	2.0	21885
SHRIMPLIN	3	2880.5	86.88	0.5	-3.8	33.79
SHRIMPLIN	3	2881.0	83.97	519	-2.0	37.47
SHRIMPLIN	3	2881.5	70.01	543	-4.3	31.57
SHRIMPLIN	7	2882.0	50.7	567	1.6	16.04
SHRIMPLIN	7	2882.5	30.81	601	1.9	5725
SHRIMPLIN	7	2883.0	17.35	656	4.2	2.73
SHRIMPLIN	8	2883.5	17.55	747	4.7	2925
SHRIMPLIN	8	2884.0	18.19	855	5.6	3285
SHRIMPLIN	8	2884.5	17.08	982	5.4	3.99
SHRIMPLIN	8	2885.0	15.88	1107	5.5	4.34
SHRIMPLIN	8	2885.5	20.38	1.17	5.0	4645
SHRIMPLIN	8	2886.0	24.93	1173	5.1	4.77
SHRIMPLIN	8	2886.5	28.57	1.15	4.5	4725
SHRIMPLIN	8	2887.0	34.54	1115	5.0	4365
SHRIMPLIN	8	2887.5	42.34	1064	5.3	4.4
SHRIMPLIN	8	2888.0	44.21	1008	5.5	4.86
SHRIMPLIN	6	2888.5	44.15	943	4.1	5.47
SHRIMPLIN	6	2889.0	39.25	0.88	3.9	5905
SHRIMPLIN	6	2889.5	38.37	812	5.7	7.13
SHRIMPLIN	2	2890.0	60.63	0.74	9.1	9.33
SHRIMPLIN	2	2890.5	83.69	684	12.4	11.31
SHRIMPLIN	2	2891.0	87.3	648	13.7	11975
SHRIMPLIN	2	2891.5	89.07	619	13.7	12065
SHRIMPLIN	2	2892.0	91.06	584	12.9	12.21
SHRIMPLIN	2	2892.5	98.37	559	12.0	12485
SHRIMPLIN	2	2893.0	87.1	548	11.3	12.23
SHRIMPLIN	2	2893.5	83.81	542	10.9	11.67
SHRIMPLIN	2	2894.0	83.11	535	10.4	11.96
SHRIMPLIN	2	2894.5	85.4	529	11.1	13.05
SHRIMPLIN	2	2895.0	86.83	524	11.5	13735
SHRIMPLIN	2	2895.5	80.54	515	11.2	13.6
SHRIMPLIN	2	2896.0	77.67	501	10.3	12905
SHRIMPLIN	2	2896.5	74.74	489	8.9	12575
SHRIMPLIN	2	2897.0	75.06	481	8.8	12305
SHRIMPLIN	2	2897.5	76.98	477	8.3	12.35
SHRIMPLIN	2	2898.0	79.6	471	8.5	12855
SHRIMPLIN	2	2898.5	92.95	467	8.6	14.3
SHRIMPLIN	2	2899.0	94.25	467	9.0	14.21
SHRIMPLIN	2	2899.5	83.12	467	9.1	13.64
SHRIMPLIN	2	2900.0	75.02	471	9.2	12.5
SHRIMPLIN	2	2900.5	62.61	0.48	8.7	11.92
SHRIMPLIN	2	2901.0	68.47	487	8.2	11635
SHRIMPLIN	2	2901.5	69.58	484	7.3	11265
SHRIMPLIN	2	2902.0	76.05	479	7.5	11375
SHRIMPLIN	2	2902.5	89.53	471	8.4	12285
SHRIMPLIN	3	2903.0	97.25	464	9.1	15135
SHRIMPLIN	3	2903.5	95.12	474	8.1	21.93
SHRIMPLIN	3	2904.0	91.67	501	6.4	26715
SHRIMPLIN	3	2904.5	85.15	521	3.7	25875
SHRIMPLIN	8	2905.0	65.17	534	2.5	18.92
SHRIMPLIN	8	2905.5	32.9	547	2.3	12215
SHRIMPLIN	8	2906.0	19.92	549	1.9	10.63
SHRIMPLIN	8	2906.5	14.52	549	2.4	11.06
SHRIMPLIN	8	2907.0	14.75	558	3.5	12.15
SHRIMPLIN	8	2907.5	15.01	565	3.9	13.16
SHRIMPLIN	8	2908.0	15.68	0.56	3.7	14.02
SHRIMPLIN	8	2908.5	16.96	0.55	3.0	14255
SHRIMPLIN	8	2909.0	15.78	534	3.1	12705
SHRIMPLIN	8	2909.5	15.71	507	3.9	11095
SHRIMPLIN	8	2910.0	17.29	484	3.6	10225
SHRIMPLIN	8	2910.5	25.4	476	3.5	10.81
SHRIMPLIN	2	2911.0	54.3	0.48	5.7	11865
SHRIMPLIN	2	2911.5	77.86	493	8.0	11795
SHRIMPLIN	2	2912.0	81.08	496	8.6	11345
SHRIMPLIN	2	2912.5	64.84	489	6.8	10.6
SHRIMPLIN	2	2913.0	68.3	476	6.3	10.89
SHRIMPLIN	2	2913.5	62.2	456	6.0	11805
SHRIMPLIN	2	2914.0	62.13	447	6.8	12205
SHRIMPLIN	2	2914.5	59.9	447	7.5	12495
SHRIMPLIN	2	2915.0	66.76	446	7.6	12.57
SHRIMPLIN	2	2915.5	68.75	441	8.4	12535
SHRIMPLIN	2	2916.0	89.47	431	10.0	13055
SHRIMPLIN	2	2916.5	92.28	0.42	12.3	14.46
SHRIMPLIN	2	2917.0	89.52	0.41	13.6	15.78
SHRIMPLIN	2	2917.5	72.44	401	11.6	15.58
SHRIMPLIN	2	2918.0	65.12	389	10.4	15095
SHRIMPLIN	2	2918.5	61.43	375	7.4	14.62
SHRIMPLIN	2	2919.0	64.01	362	6.4	15335
SHRIMPLIN	2	2919.5	60.03	354	4.5	15.0
SHRIMPLIN	2	2920.0	66.07	348	4.4	14.44
SHRIMPLIN	2	2920.5	74.64	344	5.0	13845
SHRIMPLIN	2	2921.0	76.08	344	5.9	14.19
SHRIMPLIN	2	2921.5	77.9	0.35	6.8	14375
SHRIMPLIN	2	2922.0	90.26	354	7.1	14075
SHRIMPLIN	2	2922.5	100.24	362	6.9	13.22
SHRIMPLIN	2	2923.0	104.57	367	8.0	14.63
SHRIMPLIN	2	2923.5	117.83	382	8.6	18955
SHRIMPLIN	2	2924.0	119.71	403	12.2	24.86
SHRIMPLIN	2	2924.5	114.49	436	13.7	26.24
SHRIMPLIN	2	2925.0	76.16	473	12.7	21.64
SHRIMPLIN	8	2925.5	34.5	509	8.2	15465
SHRIMPLIN	8	2926.0	17.99	548	3.1	11.83
SHRIMPLIN	8	2926.5	16.23	597	1.7	9835
SHRIMPLIN	8	2927.0	16.97	669	1.3	7.54
SHRIMPLIN	8	2927.5	18.68	745	2.3	5.93
SHRIMPLIN	8	2928.0	30.74	778	3.6	5.83
SHRIMPLIN	8	2928.5	46.76	775	3.6	6.47
SHRIMPLIN	6	2929.0	49.39	732	3.9	6.69
SHRIMPLIN	6	2929.5	44.23	669	5.7	7985
SHRIMPLIN	3	2930.0	54.96	602	7.3	10.27
SHRIMPLIN	3	2930.5	68.62	0.55	9.9	13345
SHRIMPLIN	2	2931.0	84.84	507	11.0	14745
SHRIMPLIN	2	2931.5	82.8	462	11.9	16365
SHRIMPLIN	3	2932.0	95.56	425	11.0	18035
SHRIMPLIN	3	2932.5	106.29	401	8.4	21.3
SHRIMPLIN	3	2933.0	95.11	394	7.8	21825
SHRIMPLIN	3	2933.5	96.55	391	8.2	20.44
SHRIMPLIN	3	2934.0	92.19	391	11.1	17735
SHRIMPLIN	3	2934.5	100.17	391	11.6	18.11
SHRIMPLIN	3	2935.0	101.7	387	11.9	19115
SHRIMPLIN	3	2935.5	100.5	0.38	13.8	18.12
SHRIMPLIN	3	2936.0	102.07	369	15.5	17425
SHRIMPLIN	3	2936.5	109.83	358	15.2	18.72
SHRIMPLIN	3	2937.0	118.17	354	18.5	21295
SHRIMPLIN	3	2937.5	119.16	358	17.9	24.97
SHRIMPLIN	6	2938.0	63.36	384	8.2	20.85
SHRIMPLIN	6	2938.5	44.37	398	6.1	14.47
SHRIMPLIN	6	2939.0	37.71	413	4.7	12.17
SHRIMPLIN	6	2939.5	37.36	438	4.4	12545
SHRIMPLIN	6	2940.0	39.66	467	4.6	13.01
SHRIMPLIN	8	2940.5	52.61	487	5.1	12835
SHRIMPLIN	8	2941.0	53.75	501	5.2	12.71
SHRIMPLIN	8	2941.5	59.61	504	5.5	12.8
SHRIMPLIN	8	2942.0	62.99	501	5.1	12.9
SHRIMPLIN	8	2942.5	72.39	496	4.6	12795
SHRIMPLIN	8	2943.0	81.12	496	4.3	12595
SHRIMPLIN	8	2944.0	234.8	515	4.7	11.41
SHRIMPLIN	8	2944.0	234.8	515	4.7	11.41
SHRIMPLIN	8	2944.5	273.48	538	5.3	10045
SHRIMPLIN	8	2945.0	164.34	573	5.9	8.48
SHRIMPLIN	8	2945.5	101.5	0.6	5.9	7805
SHRIMPLIN	6	2946.0	84.6	616	4.3	7.58
SHRIMPLIN	6	2946.5	84.6	616	4.3	7.58
SHRIMPLIN	8	2947.0	91.02	621	3.5	7795
SHRIMPLIN	4	2947.5	116.04	605	3.8	7.73
SHRIMPLIN	4	2948.0	129.74	574	5.0	8.61
SHRIMPLIN	3	2948.5	130.95	545	6.2	12.17
SHRIMPLIN	3	2949.0	127.25	519	7.5	17585
SHRIMPLIN	3	2949.5	115.33	484	10.4	20065
SHRIMPLIN	3	2950.0	110.37	453	13.2	19.63
SHRIMPLIN	3	2950.5	95.97	433	12.9	17945
SHRIMPLIN	3	2951.0	92.1	415	14.9	17.19
SHRIMPLIN	3	2951.5	92.33	401	14.7	16855
SHRIMPLIN	3	2952.0	84.32	401	14.9	17.04
SHRIMPLIN	3	2952.5	85.93	405	14.1	16725
SHRIMPLIN	3	2953.0	86.15	0.41	13.5	16505
SHRIMPLIN	3	2953.5	87.94	418	13.6	16735
SHRIMPLIN	3	2954.0	86.68	425	14.1	16.94
SHRIMPLIN	3	2954.5	85.31	431	14.7	17845
SHRIMPLIN	3	2955.0	86.99	441	13.9	18455
SHRIMPLIN	3	2955.5	88.41	456	13.4	18.05
SHRIMPLIN	3	2956.0	85.73	471	13.6	15635
SHRIMPLIN	3	2956.5	79.97	0.48	13.1	13.72
SHRIMPLIN	3	2957.0	72.32	489	13.4	13.05
SHRIMPLIN	3	2957.5	69.7	496	13.0	13785
SHRIMPLIN	3	2958.0	78.44	504	13.5	13815
SHRIMPLIN	3	2958.5	82.19	509	12.2	14275
SHRIMPLIN	3	2959.0	85.45	509	12.6	15215
SHRIMPLIN	3	2959.5	92.63	508	13.7	16465
SHRIMPLIN	3	2960.0	88.92	507	14.6	16885
SHRIMPLIN	3	2960.5	90.45	505	13.7	16.3
SHRIMPLIN	3	2961.0	87.42	504	12.7	15225
SHRIMPLIN	3	2961.5	84.11	507	12.5	15.12
SHRIMPLIN	3	2962.0	87.26	509	12.0	15145
SHRIMPLIN	3	2962.5	84.87	511	12.0	14.82
SHRIMPLIN	3	2963.0	84.88	507	11.3	14335
SHRIMPLIN	3	2963.5	88.37	493	10.5	15695
SHRIMPLIN	3	2964.0	90.68	0.48	11.1	18.01
SHRIMPLIN	3	2964.5	94.56	471	12.3	20.75
SHRIMPLIN	3	2965.0	96.31	462	15.0	22025
SHRIMPLIN	3	2965.5	99.42	456	17.2	22.97
SHRIMPLIN	3	2966.0	97.55	453	16.7	22.12
SHRIMPLIN	3	2966.5	98.51	0.45	15.3	20.35
SHRIMPLIN	2	2967.0	86.18	452	13.5	17.53
SHRIMPLIN	2	2967.5	89.44	461	12.2	16.31
SHRIMPLIN	2	2968.0	89.13	471	11.7	15875
SHRIMPLIN	2	2968.5	87.64	484	12.1	15865
SHRIMPLIN	2	2969.0	84.34	502	12.3	15685
SHRIMPLIN	2	2969.5	83.26	517	12.3	15.23
SHRIMPLIN	2	2970.0	84.8	525	12.5	14.78
SHRIMPLIN	2	2970.5	84.02	531	10.8	15.47
SHRIMPLIN	3	2971.0	90.99	535	10.9	15235
SHRIMPLIN	3	2971.5	83.72	537	11.4	14.25
SHRIMPLIN	3	2972.0	81.44	538	10.9	14015
SHRIMPLIN	3	2972.5	80.51	538	10.1	14465
SHRIMPLIN	3	2973.0	83.93	539	10.0	15.11
SHRIMPLIN	3	2973.5	83.36	535	10.1	15.73
SHRIMPLIN	3	2974.0	86.69	529	10.9	15115
SHRIMPLIN	3	2974.5	86.71	521	10.6	13995
SHRIMPLIN	3	2975.0	84.91	515	11.0	14065
SHRIMPLIN	3	2975.5	84.75	516	13.6	20.0
SHRIMPLIN	3	2976.0	87.88	543	16.2	23385
SHRIMPLIN	3	2976.5	86.06	584	15.0	20.82
SHRIMPLIN	5	2977.0	56.43	627	10.4	12115
SHRIMPLIN	5	2977.5	32.69	667	6.2	6.42
SHRIMPLIN	5	2978.0	25.06	708	5.9	4845
SHRIMPLIN	5	2978.5	18.26	0.77	5.3	4695
SHRIMPLIN	5	2979.0	18.28	874	4.9	4.67
SHRIMPLIN	5	2979.5	14.41	947	3.9	5705
SHRIMPLIN	8	2980.0	13.99	983	2.3	7.35
SHRIMPLIN	8	2980.5	13.28	983	0.1	8365
SHRIMPLIN	8	2981.0	16.71	946	0.1	8.53
SHRIMPLIN	8	2981.5	31.35	907	3.7	8695
SHRIMPLIN	5	2982.0	49.41	881	9.4	10025
SHRIMPLIN	5	2982.5	65.33	862	13.3	9785
SHRIMPLIN	5	2983.0	64.3	841	11.1	9.24
SHRIMPLIN	5	2983.5	42.48	819	7.1	8.02
SHRIMPLIN	8	2984.0	29.96	794	4.8	7.48
SHRIMPLIN	8	2984.5	21.23	772	3.5	7.98
SHRIMPLIN	8	2985.0	28.09	768	2.2	8295
SHRIMPLIN	8	2985.5	31.12	775	1.5	8515
SHRIMPLIN	5	2986.0	36.63	0.78	0.9	8165
SHRIMPLIN	5	2986.5	36.1	783	0.5	8115
SHRIMPLIN	5	2987.0	42.06	787	0.6	7475
SHRIMPLIN	5	2987.5	44.31	792	1.5	6.77
SHRIMPLIN	5	2988.0	43.19	803	2.1	6215
SHRIMPLIN	5	2988.5	39.82	0.82	2.3	6.04
SHRIMPLIN	5	2989.0	41.71	839	2.3	6.61
SHRIMPLIN	5	2989.5	43.02	865	2.5	7.01
SHRIMPLIN	5	2990.0	42.6	889	2.4	7.33
SHRIMPLIN	5	2990.5	41.53	906	2.7	6.94
SHRIMPLIN	5	2991.0	46.69	918	2.1	6705
SHRIMPLIN	5	2991.5	49.0	929	2.4	6685
SHRIMPLIN	5	2992.0	51.83	936	2.1	7.07
SHRIMPLIN	5	2992.5	45.87	0.94	2.7	7445
SHRIMPLIN	5	2993.0	45.87	0.94	2.7	7445
SHRIMPLIN	5	2993.5	46.83	943	2.4	7655
SHRIMPLIN	5	2994.0	47.5	946	2.9	7705
SHRIMPLIN	5	2994.5	48.88	947	3.1	7.33
SHRIMPLIN	5	2995.0	45.88	949	4.6	6865
SHRIMPLIN	5	2995.5	51.63	952	4.3	6.88
SHRIMPLIN	5	2996.0	49.28	954	3.9	7085
SHRIMPLIN	5	2996.5	52.4	956	3.7	7105
SHRIMPLIN	5	2997.0	50.59	0.96	4.3	6665
SHRIMPLIN	5	2997.5	49.71	963	4.5	6645
SHRIMPLIN	5	2998.0	46.48	967	4.8	6.69
SHRIMPLIN	5	2998.5	50.19	972	4.6	6815
SHRIMPLIN	5	2999.0	55.85	969	4.7	6475
SHRIMPLIN	5	2999.5	74.49	954	4.8	6.14
SHRIMPLIN	4	3000.0	126.32	936	5.2	6.41
SHRIMPLIN	4	3000.5	274.0	0.92	6.9	7.65
SHRIMPLIN	4	3001.0	358.74	903	8.5	10035
SHRIMPLIN	4	3001.5	361.15	896	9.9	12255
SHRIMPLIN	4	3002.0	227.99	894	10.3	12.67
SHRIMPLIN	5	3002.5	115.43	893	10.0	11.24
SHRIMPLIN	5	3003.0	80.43	893	9.3	9055
SHRIMPLIN	5	3003.5	65.06	898	8.4	8.13
SHRIMPLIN	5	3004.0	49.86	0.91	7.6	7585
SHRIMPLIN	5	3004.5	51.04	925	7.3	7795
SHRIMPLIN	5	3005.0	52.63	942	7.6	7.84
SHRIMPLIN	5	3005.5	56.88	975	7.8	8.3
SHRIMPLIN	5	3006.0	60.61	982	7.8	8335
SHRIMPLIN	5	3006.5	57.36	985	7.6	8.07
SHRIMPLIN	5	3007.0	53.58	986	7.2	8.13
SHRIMPLIN	5	3007.5	52.02	986	7.1	8165
SHRIMPLIN	5	3008.0	53.66	986	7.4	8.46
SHRIMPLIN	5	3008.5	55.22	985	7.7	8.54
SHRIMPLIN	5	3009.0	50.16	982	7.2	8.38
SHRIMPLIN	5	3009.5	55.6	971	7.1	8295
SHRIMPLIN	5	3010.0	53.77	955	6.8	8035
SHRIMPLIN	5	3010.5	50.23	937	7.1	8.86
SHRIMPLIN	5	3011.0	63.43	915	7.1	9.95
SHRIMPLIN	5	3011.5	61.93	889	8.0	11.39
SHRIMPLIN	5	3012.0	68.62	863	8.1	12.28
SHRIMPLIN	5	3012.5	74.18	836	8.2	12.17
SHRIMPLIN	4	3013.0	73.86	816	8.0	12.37
SHRIMPLIN	4	3013.5	71.51	798	8.9	12.94
SHRIMPLIN	4	3014.0	79.77	782	10.0	14235
SHRIMPLIN	4	3014.5	80.9	776	11.0	14.86
SHRIMPLIN	4	3015.0	96.85	775	9.4	13.74
SHRIMPLIN	4	3015.5	92.76	771	7.8	11.48
SHRIMPLIN	6	3016.0	51.5	762	6.6	8025
SHRIMPLIN	6	3016.5	47.77	756	7.4	9425
SHRIMPLIN	6	3017.0	54.15	751	6.4	11.7
SHRIMPLIN	6	3017.5	50.45	0.74	4.3	13.34
SHRIMPLIN	9	3018.0	32.78	723	1.2	13.11
SHRIMPLIN	9	3018.5	23.5	711	0.3	12.3
SHRIMPLIN	9	3019.0	28.33	706	0.5	11.79
SHRIMPLIN	9	3019.5	31.12	704	1.7	11325
SHRIMPLIN	9	3020.0	28.68	709	1.9	11165
SHRIMPLIN	9	3020.5	31.67	721	1.6	10535
SHRIMPLIN	9	3021.0	39.75	733	0.9	10.04
SHRIMPLIN	9	3021.5	36.56	747	2.0	8545
SHRIMPLIN	9	3022.0	36.56	747	2.0	8545
SHRIMPLIN	9	3022.5	37.21	764	2.7	7.73
SHRIMPLIN	9	3023.0	35.8	777	2.5	8195
SHRIMPLIN	9	3023.5	36.56	784	1.4	10.29
SHRIMPLIN	8	3024.0	27.96	791	1.6	12.12
SHRIMPLIN	8	3024.5	26.3	797	2.1	12385
SHRIMPLIN	8	3025.0	19.97	803	1.9	11.12
SHRIMPLIN	8	3025.5	17.92	808	1.5	9.73
SHRIMPLIN	8	3026.0	17.92	808	1.5	9.73
SHRIMPLIN	8	3026.5	16.51	814	2.0	8275
SHRIMPLIN	8	3027.0	21.94	0.82	3.3	7.68
SHRIMPLIN	8	3027.5	32.54	821	2.5	7445
SHRIMPLIN	8	3028.0	47.7	814	1.6	7.34
SHANKLE	2	2774.5	98.36	642	-0.1	18685
SHANKLE	2	2775.0	97.57	631	7.9	16745
SHANKLE	2	2775.5	98.41	615	12.8	14105
SHANKLE	2	2776.0	85.92	597	13.0	13385
SHANKLE	2	2776.5	83.16	592	12.3	13345
SHANKLE	2	2777.0	82.56	599	12.9	13105
SHANKLE	2	2777.5	83.12	611	13.2	14.0
SHANKLE	2	2778.0	84.26	0.62	12.8	13685
SHANKLE	2	2778.5	86.29	627	13.2	13.92
SHANKLE	2	2779.0	80.95	629	13.0	13975
SHANKLE	2	2779.5	79.07	629	13.0	14235
SHANKLE	2	2780.0	75.31	626	11.4	13.17
SHANKLE	2	2780.5	69.3	625	10.1	12.32
SHANKLE	2	2781.0	69.16	626	9.0	11805
SHANKLE	2	2781.5	69.03	624	10.0	11.72
SHANKLE	2	2782.0	64.95	622	10.1	11.75
SHANKLE	2	2782.5	78.95	607	12.0	12155
SHANKLE	2	2783.0	82.36	0.58	11.7	12955
SHANKLE	2	2783.5	80.27	543	11.1	12865
SHANKLE	2	2784.0	78.87	507	8.5	12.23
SHANKLE	2	2784.5	66.38	473	6.2	11.89
SHANKLE	1	2785.0	58.63	444	4.4	12.44
SHANKLE	1	2785.5	59.16	413	3.7	13.64
SHANKLE	1	2786.0	52.86	378	2.5	14.49
SHANKLE	1	2786.5	54.32	344	1.1	15085
SHANKLE	1	2787.0	53.27	0.32	-0.3	14985
SHANKLE	1	2787.5	52.34	312	-0.1	14945
SHANKLE	1	2788.0	58.01	0.31	0.9	15055
SHANKLE	1	2788.5	55.38	307	1.6	15.28
SHANKLE	1	2789.0	55.18	301	1.7	15905
SHANKLE	1	2789.5	55.09	292	0.8	16485
SHANKLE	1	2790.0	58.89	288	0.3	17.33
SHANKLE	1	2790.5	56.51	294	-0.5	17.77
SHANKLE	1	2791.0	57.27	0.31	-0.1	17.9
SHANKLE	1	2791.5	58.42	328	0.3	17.97
SHANKLE	1	2792.0	58.99	346	0.9	18.3
SHANKLE	1	2792.5	59.99	367	1.5	19.49
SHANKLE	1	2793.0	62.66	389	1.7	20135
SHANKLE	1	2793.5	60.46	408	2.1	20495
SHANKLE	1	2794.0	60.85	415	1.1	20.34
SHANKLE	1	2794.5	63.8	408	1.1	20015
SHANKLE	1	2795.0	63.82	387	1.0	19615
SHANKLE	1	2795.5	66.97	367	0.3	19.01
SHANKLE	1	2796.0	69.67	362	-0.2	18.66
SHANKLE	1	2796.5	70.72	367	1.1	17.45
SHANKLE	1	2797.0	85.75	377	5.1	18705
SHANKLE	1	2797.5	89.58	389	8.5	19555
SHANKLE	2	2798.0	87.45	396	6.0	20265
SHANKLE	2	2798.5	84.45	405	3.2	16485
SHANKLE	1	2799.0	71.4	415	2.2	12965
SHANKLE	1	2799.5	70.13	423	4.0	11.34
SHANKLE	1	2800.0	70.92	428	4.5	12.33
SHANKLE	1	2800.5	68.34	427	4.7	13295
SHANKLE	1	2801.0	76.04	422	7.1	16445
SHANKLE	1	2801.5	89.18	412	9.1	24.17
SHANKLE	2	2802.0	86.72	396	7.6	28165
SHANKLE	2	2802.5	73.95	384	3.9	26.97
SHANKLE	2	2803.0	59.22	382	2.1	20215
SHANKLE	2	2803.5	70.19	389	4.4	16.27
SHANKLE	2	2804.0	71.73	423	18.6	22.62
SHANKLE	2	2804.5	75.15	494	16.4	33.13
SHANKLE	3	2805.0	75.28	572	1.7	36.13
SHANKLE	3	2805.5	46.04	645	-17.8	28075
SHANKLE	8	2806.0	46.04	645	-17.8	28075
SHANKLE	8	2807.0	26.73	748	-9.0	9105
SHANKLE	8	2807.5	36.5	794	0.1	5945
SHANKLE	8	2808.0	52.24	867	4.2	7395
SHANKLE	6	2808.5	61.32	925	9.4	8825
SHANKLE	6	2809.0	56.15	965	12.2	8.85
SHANKLE	6	2809.5	55.07	985	10.9	7225
SHANKLE	6	2810.0	64.81	974	7.7	5565
SHANKLE	6	2810.5	87.83	952	4.6	4495
SHANKLE	6	2811.0	88.06	956	2.5	4.19
SHANKLE	6	2811.5	75.07	971	0.8	4695
SHANKLE	6	2812.0	65.29	1009	1.4	5175
SHANKLE	6	2812.5	74.26	1064	4.3	6455
SHANKLE	6	2813.0	73.01	1102	5.3	7235
SHANKLE	8	2813.5	64.61	1121	4.4	7765
SHANKLE	8	2814.0	40.57	1125	1.7	7655
SHANKLE	8	2814.5	30.41	1109	-0.2	7.95
SHANKLE	8	2815.0	22.91	1115	-1.4	7585
SHANKLE	8	2815.5	24.62	1.13	-2.1	6.74
SHANKLE	8	2816.0	25.02	1124	-2.4	5865
SHANKLE	8	2816.5	27.77	1097	-2.0	5575
SHANKLE	6	2817.0	37.24	1069	1.1	6.59
SHANKLE	6	2817.5	65.59	1028	4.9	8.1
SHANKLE	6	2818.0	87.34	989	8.7	9485
SHANKLE	6	2818.5	79.54	0.96	10.0	10025
SHANKLE	6	2819.0	79.63	937	10.7	10155
SHANKLE	6	2819.5	75.6	907	6.7	8985
SHANKLE	6	2820.0	52.75	918	1.9	8955
SHANKLE	6	2820.5	45.65	946	-2.7	9.75
SHANKLE	6	2821.0	51.75	993	-4.6	9235
SHANKLE	6	2821.5	53.57	1.05	-4.6	7.61
SHANKLE	6	2822.0	60.94	1107	-2.1	5.46
SHANKLE	6	2822.5	71.14	1135	-1.1	4.55
SHANKLE	6	2823.0	85.69	1133	0.1	3965
SHANKLE	6	2823.5	73.63	1094	0.8	3.9
SHANKLE	6	2824.0	66.27	1029	1.9	4185
SHANKLE	6	2824.5	81.99	956	3.5	5795
SHANKLE	6	2825.0	93.29	908	6.6	8635
SHANKLE	6	2825.5	105.48	867	8.5	13285
SHANKLE	4	2826.0	100.58	817	6.2	16.07
SHANKLE	3	2826.5	76.2	688	3.9	16375
SHANKLE	3	2827.0	72.8	626	-14.8	30425
SHANKLE	3	2827.5	72.87	582	-19.0	39125
SHANKLE	3	2828.0	72.37	553	-16.2	45275
SHANKLE	3	2828.5	78.74	531	-8.6	44.37
SHANKLE	3	2829.0	79.41	513	-10.2	43805
SHANKLE	3	2829.5	83.27	493	-6.5	39435
SHANKLE	3	2830.0	85.55	0.48	0.2	34.29
SHANKLE	3	2830.5	87.65	477	6.5	33645
SHANKLE	3	2831.0	85.37	486	-1.7	35.66
SHANKLE	3	2831.5	82.87	515	-4.1	36645
SHANKLE	3	2832.0	81.99	567	-3.2	32775
SHANKLE	3	2832.5	78.95	625	-7.9	31.68
SHANKLE	3	2833.0	72.05	684	-14.4	28625
SHANKLE	3	2833.5	71.81	736	-14.8	24055
SHANKLE	3	2834.0	57.61	772	2.6	12.49
SHANKLE	3	2834.5	54.12	809	7.8	8.38
SHANKLE	3	2835.0	53.58	863	6.8	8.2
SHANKLE	3	2835.5	61.12	901	7.1	8695
SHANKLE	3	2836.0	61.73	916	8.0	9.35
SHANKLE	3	2836.5	62.92	921	8.4	9.06
SHANKLE	2	2837.0	66.91	912	6.2	8.57
SHANKLE	2	2837.5	66.22	893	4.0	7775
SHANKLE	1	2838.0	62.81	874	2.5	7255
SHANKLE	1	2838.5	60.15	852	1.3	7185
SHANKLE	1	2839.0	53.38	819	-0.1	7125
SHANKLE	1	2839.5	54.04	774	1.1	7255
SHANKLE	1	2840.0	55.65	732	2.1	8.18
SHANKLE	1	2840.5	56.33	699	3.0	9.33
SHANKLE	1	2841.0	55.76	667	1.8	10295
SHANKLE	1	2841.5	56.24	629	1.7	10175
SHANKLE	1	2842.0	52.72	0.59	2.2	9.88
SHANKLE	1	2842.5	58.18	551	2.5	10.15
SHANKLE	1	2843.0	58.55	519	2.5	11.1
SHANKLE	1	2843.5	58.18	493	1.5	11.88
SHANKLE	1	2844.0	58.5	467	2.1	12195
SHANKLE	1	2844.5	59.23	446	2.3	13045
SHANKLE	1	2845.0	57.02	0.43	3.1	13625
SHANKLE	1	2845.5	56.18	425	2.3	14215
SHANKLE	1	2846.0	61.06	425	1.4	13465
SHANKLE	1	2846.5	68.79	433	1.9	13145
SHANKLE	1	2847.0	71.58	449	7.0	14.36
SHANKLE	1	2847.5	79.53	471	8.1	17515
SHANKLE	3	2848.0	80.39	491	2.7	20055
SHANKLE	3	2848.5	79.08	508	-4.0	19.3
SHANKLE	3	2849.0	78.83	517	-4.1	15.79
SHANKLE	3	2849.5	78.07	526	4.6	14.23
SHANKLE	3	2850.0	83.28	0.55	1.2	25065
SHANKLE	3	2850.5	76.44	597	-19.9	49715
SHANKLE	8	2852.5	39.3	803	-7.5	16885
SHANKLE	8	2853.0	28.1	0.88	-2.4	10105
SHANKLE	8	2853.5	28.38	1002	-4.3	7285
SHANKLE	8	2854.0	27.36	1161	-3.0	5.12
SHANKLE	8	2854.5	30.42	1291	0.2	4.05
SHANKLE	6	2855.0	32.31	1311	2.5	3865
SHANKLE	6	2855.5	33.19	1213	1.7	4915
SHANKLE	6	2856.0	37.18	1051	1.6	5.02
SHANKLE	6	2856.5	37.32	888	1.4	5.46
SHANKLE	6	2857.0	39.77	781	-2.5	13875
SHANKLE	3	2857.5	45.45	732	-15.7	31775
SHANKLE	3	2858.0	69.72	702	-19.0	38.6
SHANKLE	2	2859.0	78.06	668	-13.9	28955
SHANKLE	2	2859.5	78.18	643	-7.2	21.33
SHANKLE	2	2860.0	78.8	638	0.8	12435
SHANKLE	2	2860.5	73.13	667	2.6	9145
SHANKLE	2	2861.0	66.19	0.7	3.0	8185
SHANKLE	2	2861.5	67.14	727	3.8	8.49
SHANKLE	2	2862.0	66.86	746	6.2	9.41
SHANKLE	2	2862.5	67.83	747	8.8	10.57
SHANKLE	2	2863.0	66.01	726	10.4	11.44
SHANKLE	2	2863.5	63.89	698	10.4	11.56
SHANKLE	2	2864.0	62.15	0.67	9.0	11.04
SHANKLE	2	2864.5	63.38	637	9.2	10.57
SHANKLE	2	2865.0	62.83	617	9.6	10765
SHANKLE	2	2865.5	62.75	616	11.2	10.75
SHANKLE	2	2866.0	59.66	617	11.2	10465
SHANKLE	2	2866.5	67.99	625	14.3	11855
SHANKLE	2	2867.0	67.75	645	13.2	18745
SHANKLE	3	2867.5	76.63	676	1.3	28.06
SHANKLE	3	2868.0	78.56	705	-6.0	27415
SHANKLE	3	2868.5	69.82	736	-11.1	21085
SHANKLE	2	2869.0	63.21	767	0.3	9.5
SHANKLE	2	2869.5	56.18	799	2.0	5.64
SHANKLE	2	2870.0	60.86	798	2.6	6.47
SHANKLE	2	2870.5	67.52	712	5.3	9.15
SHANKLE	2	2871.0	68.79	619	11.5	17.22
SHANKLE	3	2871.5	76.18	0.54	1.2	32.92
SHANKLE	3	2872.0	74.5	486	-2.1	38485
SHANKLE	3	2872.5	63.06	464	-4.1	36.14
SHANKLE	6	2873.0	40.97	0.47	2.2	25745
SHANKLE	6	2873.5	35.02	481	2.2	17.06
SHANKLE	6	2874.0	30.28	498	-1.7	10485
SHANKLE	6	2874.5	27.63	524	-3.1	5835
SHANKLE	6	2875.0	28.84	567	-1.3	3865
SHANKLE	6	2875.5	34.92	643	1.9	4385
SHANKLE	6	2876.0	46.06	732	5.2	6805
SHANKLE	3	2876.5	60.36	793	9.5	9275
SHANKLE	3	2877.0	79.94	804	12.1	10.99
SHANKLE	3	2877.5	81.32	779	13.0	11.5
SHANKLE	3	2878.0	80.39	738	10.7	10.86
SHANKLE	3	2878.5	77.93	702	8.6	10.29
SHANKLE	3	2879.0	75.73	679	6.8	9.89
SHANKLE	2	2879.5	66.0	669	6.5	9.98
SHANKLE	2	2880.0	74.79	666	5.8	9985
SHANKLE	2	2880.5	64.77	665	4.6	9.89
SHANKLE	2	2881.0	62.9	659	3.9	10335
SHANKLE	2	2881.5	64.65	646	4.8	11.02
SHANKLE	2	2882.0	63.61	625	6.2	11625
SHANKLE	3	2882.5	79.7	591	6.8	11865
SHANKLE	3	2883.0	80.43	544	6.1	11935
SHANKLE	3	2883.5	78.5	498	7.3	12.61
SHANKLE	2	2884.0	67.3	456	8.3	14.11
SHANKLE	2	2884.5	64.18	418	7.6	15635
SHANKLE	2	2885.0	55.59	387	6.5	16275
SHANKLE	2	2885.5	61.6	362	5.1	16055
SHANKLE	2	2886.0	59.33	346	5.8	15965
SHANKLE	2	2886.5	63.11	348	6.4	15.65
SHANKLE	2	2887.0	62.47	358	7.7	15.31
SHANKLE	2	2887.5	69.97	358	7.7	14.55
SHANKLE	2	2888.0	71.32	358	8.0	14.36
SHANKLE	2	2888.5	71.32	358	8.0	14.36
SHANKLE	2	2889.0	72.08	358	8.6	14.54
SHANKLE	2	2889.5	72.65	356	9.8	15115
SHANKLE	2	2890.0	69.38	354	8.1	15995
SHANKLE	2	2890.5	63.68	348	5.7	17015
SHANKLE	2	2891.0	63.96	328	5.1	17755
SHANKLE	2	2891.5	61.06	305	4.9	18465
SHANKLE	2	2892.0	68.77	286	5.3	19315
SHANKLE	2	2892.5	69.94	274	5.0	20.22
SHANKLE	1	2893.0	68.94	0.27	4.6	20435
SHANKLE	1	2893.5	68.13	279	3.8	20185
SHANKLE	1	2894.0	69.83	301	3.1	19.13
SHANKLE	1	2894.5	69.72	326	2.3	18115
SHANKLE	1	2895.0	79.64	0.35	3.0	16.33
SHANKLE	2	2895.5	83.41	367	5.6	14845
SHANKLE	3	2896.0	85.63	386	7.6	14515
SHANKLE	3	2896.5	88.6	412	5.2	18.02
SHANKLE	3	2897.0	81.3	453	-5.5	25095
SHANKLE	3	2897.5	81.46	505	-12.1	35.24
SHANKLE	2	2899.5	67.06	607	-13.2	25315
SHANKLE	2	2900.0	63.21	607	-0.6	16415
SHANKLE	2	2900.5	62.1	607	0.7	15.25
SHANKLE	1	2901.0	59.12	599	-1.9	15465
SHANKLE	1	2901.5	53.43	0.58	1.5	12685
SHANKLE	1	2902.0	55.43	556	3.9	11.32
SHANKLE	1	2902.5	50.01	528	2.1	12.39
SHANKLE	1	2903.0	54.96	493	1.2	12.93
SHANKLE	1	2903.5	56.29	456	0.7	13.1
SHANKLE	1	2904.0	57.56	425	1.3	13.6
SHANKLE	1	2904.5	59.71	396	0.8	13875
SHANKLE	1	2905.0	59.88	371	1.2	14.2
SHANKLE	1	2905.5	62.44	352	1.5	14.5
SHANKLE	1	2906.0	65.13	342	1.4	15285
SHANKLE	1	2906.5	60.4	338	1.2	15.91
SHANKLE	1	2907.0	63.4	346	0.1	15585
SHANKLE	1	2907.5	65.4	358	1.4	14.44
SHANKLE	1	2908.0	60.44	371	3.0	13.57
SHANKLE	1	2908.5	71.83	384	5.6	13.74
SHANKLE	1	2909.0	78.1	389	7.1	14.31
SHANKLE	1	2909.5	82.34	386	7.7	14.44
SHANKLE	1	2910.0	85.94	384	7.7	14.25
SHANKLE	1	2910.5	71.56	0.38	8.2	14.51
SHANKLE	1	2911.0	69.26	373	7.2	15655
SHANKLE	1	2911.5	65.79	365	6.0	16385
SHANKLE	1	2912.0	58.76	354	3.5	16.94
SHANKLE	1	2912.5	60.11	342	1.3	17025
SHANKLE	1	2913.0	62.0	344	0.3	17325
SHANKLE	1	2913.5	61.56	354	0.6	17815
SHANKLE	1	2914.0	58.39	362	1.3	18575
SHANKLE	1	2914.5	62.03	362	-0.8	18.52
SHANKLE	1	2915.0	58.92	348	-1.6	17575
SHANKLE	1	2915.5	62.43	324	-0.2	16275
SHANKLE	1	2916.0	63.32	292	4.0	16375
SHANKLE	1	2916.5	64.42	262	5.9	17115
SHANKLE	2	2917.0	63.11	243	5.9	18435
SHANKLE	2	2917.5	63.11	243	5.9	18435
SHANKLE	2	2918.0	68.73	236	4.7	18565
SHANKLE	2	2918.5	68.82	243	3.7	18135
SHANKLE	2	2919.0	63.27	258	3.9	16665
SHANKLE	2	2919.5	63.95	279	5.0	15155
SHANKLE	2	2920.0	73.72	301	7.0	13.77
SHANKLE	2	2920.5	70.47	324	8.1	14.83
SHANKLE	3	2921.0	78.62	354	0.5	24675
SHANKLE	3	2921.5	81.91	398	-9.6	35.2
SHANKLE	3	2922.0	77.68	459	-6.8	44645
SHANKLE	3	2922.5	74.51	538	-7.4	51805
SHANKLE	3	2923.0	66.9	605	-13.0	46795
SHANKLE	6	2924.0	26.06	725	-12.9	16.17
SHANKLE	6	2924.5	20.73	796	3.7	4785
SHANKLE	6	2925.0	18.4	876	7.6	4555
SHANKLE	6	2925.5	20.07	941	9.7	6745
SHANKLE	6	2926.0	20.85	903	7.7	9415
SHANKLE	6	2926.5	24.51	809	4.3	11.98
SHANKLE	3	2927.0	37.82	722	-0.1	19085
SHANKLE	3	2930.0	79.36	0.47	-6.0	35.77
SHANKLE	3	2930.5	78.41	468	-6.4	33.73
SHANKLE	3	2931.0	70.0	453	-8.4	31445
SHANKLE	3	2931.5	67.67	0.43	-9.9	31.45
SHANKLE	3	2932.0	67.38	391	-7.6	30565
SHANKLE	3	2932.5	70.08	0.34	-2.9	33215
SHANKLE	3	2933.0	72.4	0.29	-0.2	39915
SHANKLE	3	2933.5	70.73	241	-4.0	41445
SHANKLE	3	2934.0	65.14	193	-1.9	37005
SHANKLE	7	2934.5	52.05	152	5.9	29525
SHANKLE	7	2935.0	30.56	121	12.2	27265
SHANKLE	7	2935.5	25.47	97	10.8	27915
SHANKLE	7	2936.0	25.34	93	6.4	27115
SHANKLE	7	2936.5	31.3	111	3.8	26515
SHANKLE	7	2937.0	45.23	146	3.6	24.38
SHANKLE	7	2937.5	53.09	196	4.7	22525
SHANKLE	7	2938.0	53.66	255	2.1	19515
SHANKLE	7	2938.5	48.3	318	-1.1	16.71
SHANKLE	8	2939.0	47.58	386	-1.3	14275
SHANKLE	8	2939.5	44.54	456	0.5	12.48
SHANKLE	8	2940.0	45.57	531	1.6	11.42
SHANKLE	8	2940.5	49.17	607	1.0	10.82
SHANKLE	8	2941.0	58.97	0.68	0.6	10535
SHANKLE	8	2941.5	78.86	744	0.7	10.32
SHANKLE	8	2942.0	100.24	797	1.4	10.38
SHANKLE	8	2942.5	97.94	842	0.8	10.56
SHANKLE	8	2943.0	94.67	881	-0.5	10.57
SHANKLE	8	2943.5	78.63	914	-1.0	10.18
SHANKLE	8	2944.0	97.99	932	-1.9	9.31
SHANKLE	8	2944.5	130.86	921	-2.5	8.1
SHANKLE	8	2945.0	167.9	883	-0.8	6.22
SHANKLE	8	2945.5	191.7	822	4.2	5195
SHANKLE	3	2946.0	149.65	711	-5.9	24.32
SHANKLE	3	2948.0	75.83	571	-9.4	34.61
SHANKLE	3	2948.5	66.28	0.56	2.5	28.99
SHANKLE	3	2949.0	69.44	567	-0.2	27455
SHANKLE	3	2949.5	69.67	584	-1.6	24.68
SHANKLE	3	2950.0	72.32	609	-2.1	21265
SHANKLE	3	2950.5	72.26	634	5.3	16795
SHANKLE	3	2951.0	66.6	652	8.9	13.99
SHANKLE	3	2951.5	66.67	659	10.7	14.42
SHANKLE	3	2952.0	67.49	661	9.3	15755
SHANKLE	3	2952.5	69.17	657	6.3	17.91
SHANKLE	3	2953.0	67.63	649	6.3	17.22
SHANKLE	3	2953.5	74.65	639	7.1	16125
SHANKLE	3	2954.0	69.34	626	6.4	16405
SHANKLE	3	2954.5	67.71	616	3.6	17.57
SHANKLE	3	2955.0	69.85	0.61	2.9	18.53
SHANKLE	3	2955.5	72.99	606	6.6	17785
SHANKLE	3	2956.0	72.73	605	3.5	21265
SHANKLE	3	2956.5	71.24	606	-3.0	23.97
SHANKLE	3	2957.0	65.18	607	-1.1	24.32
SHANKLE	3	2957.5	76.51	0.61	3.1	23925
SHANKLE	3	2958.0	72.51	615	0.3	27215
SHANKLE	3	2958.5	73.66	622	-8.0	30125
SHANKLE	3	2959.0	72.96	627	-12.3	29985
SHANKLE	3	2959.5	66.05	628	-9.4	26215
SHANKLE	3	2960.0	75.61	624	-1.1	21255
SHANKLE	3	2960.5	68.69	621	6.8	16645
SHANKLE	3	2961.0	67.49	621	5.2	17925
SHANKLE	3	2961.5	71.32	0.62	2.0	18325
SHANKLE	3	2962.0	69.16	616	3.5	16405
SHANKLE	3	2962.5	72.18	611	5.7	15525
SHANKLE	3	2963.0	67.16	606	4.4	16.48
SHANKLE	3	2963.5	72.36	606	1.5	18.61
SHANKLE	3	2964.0	76.08	614	0.8	19615
SHANKLE	3	2964.5	75.85	626	1.8	21045
SHANKLE	3	2965.0	72.11	633	-3.6	22505
SHANKLE	3	2965.5	73.8	635	-9.0	22545
SHANKLE	3	2966.0	71.57	636	-5.1	17625
SHANKLE	3	2966.5	71.38	629	1.0	14.06
SHANKLE	3	2967.0	72.44	622	6.2	14855
SHANKLE	3	2967.5	74.87	622	5.8	19845
SHANKLE	3	2968.0	76.01	621	-2.7	23955
SHANKLE	3	2968.5	76.11	618	-9.0	25.4
SHANKLE	3	2969.0	76.47	624	-3.5	24095
SHANKLE	3	2969.5	70.18	628	-5.4	24.15
SHANKLE	3	2970.0	71.13	623	-10.2	24425
SHANKLE	3	2970.5	74.62	612	-13.2	21.35
SHANKLE	3	2971.0	75.04	597	-3.6	17.66
SHANKLE	3	2971.5	71.03	576	7.1	16.71
SHANKLE	3	2972.0	79.47	575	-9.8	35285
SHANKLE	3	2972.5	76.72	603	-9.9	51.3
SHANKLE	3	2973.0	75.01	654	-18.3	55915
SHANKLE	6	2974.5	19.52	0.7	1.0	9.78
SHANKLE	8	2975.0	28.87	721	8.8	9.73
SHANKLE	8	2975.5	29.43	781	9.1	11.93
SHANKLE	8	2976.0	29.4	825	7.9	12695
SHANKLE	8	2976.5	31.05	837	6.4	11.9
SHANKLE	8	2977.0	35.29	818	6.4	10875
SHANKLE	5	2977.5	32.75	778	3.5	9.39
SHANKLE	5	2978.0	35.61	738	3.0	8.16
SHANKLE	5	2978.5	36.27	705	5.0	7.4
SHANKLE	5	2979.0	36.51	0.67	7.7	8.56
SHANKLE	5	2979.5	35.86	633	8.6	10.67
SHANKLE	7	2980.0	33.77	599	8.1	12535
SHANKLE	7	2980.5	28.53	567	7.7	13935
SHANKLE	7	2981.0	29.12	539	6.0	14.68
SHANKLE	7	2981.5	29.54	519	4.2	14.81
SHANKLE	7	2982.0	29.95	516	2.4	13.68
SHANKLE	7	2982.5	29.36	529	1.7	12.36
SHANKLE	7	2983.0	34.62	558	1.9	10.51
SHANKLE	7	2983.5	32.74	605	2.0	9.08
SHANKLE	6	2984.0	38.04	666	1.7	8405
SHANKLE	6	2984.5	39.18	728	1.5	8235
SHANKLE	6	2985.0	39.55	792	1.9	8035
SHANKLE	6	2985.5	37.83	846	2.3	7.68
SHANKLE	6	2986.0	35.09	884	2.8	7775
SHANKLE	6	2986.5	38.17	905	3.8	7.92
SHANKLE	6	2987.0	37.4	913	3.9	8.16
SHANKLE	6	2987.5	36.2	913	2.6	8.54
SHANKLE	6	2988.0	38.73	0.91	2.4	8.6
SHANKLE	6	2988.5	36.86	908	1.9	8.9
SHANKLE	6	2989.0	38.24	905	2.0	8845
SHANKLE	6	2989.5	36.1	901	1.6	8.5
SHANKLE	6	2990.0	38.5	897	2.6	8.25
SHANKLE	6	2990.5	35.87	0.89	3.0	8.42
SHANKLE	6	2991.0	37.2	884	3.6	8495
SHANKLE	6	2991.5	39.89	0.88	3.1	8695
SHANKLE	6	2992.0	40.73	876	2.9	8505
SHANKLE	6	2992.5	41.81	873	2.0	8845
SHANKLE	6	2993.0	44.47	872	1.9	8.74
SHANKLE	6	2993.5	43.87	0.87	1.9	8715
SHANKLE	6	2994.0	47.4	872	2.4	8375
SHANKLE	6	2994.5	48.75	875	2.6	8.47
SHANKLE	6	2995.0	53.77	877	3.1	8.2
SHANKLE	6	2995.5	65.61	0.88	3.2	8555
SHANKLE	5	2996.0	79.98	884	3.0	8435
SHANKLE	5	2996.5	115.6	885	3.6	8.76
SHANKLE	5	2997.0	201.75	887	3.9	8645
SHANKLE	5	2997.5	242.75	889	4.9	8.42
SHANKLE	5	2998.0	238.02	893	5.1	8515
SHANKLE	5	2998.5	215.23	899	5.7	8.31
SHANKLE	5	2999.0	168.12	907	5.6	8545
SHANKLE	5	2999.5	124.8	919	5.2	8855
SHANKLE	5	3000.0	102.74	932	4.6	8915
SHANKLE	5	3000.5	102.74	932	4.6	8915
SHANKLE	5	3001.0	81.37	941	4.3	8.86
SHANKLE	5	3001.5	70.46	943	4.2	8675
SHANKLE	5	3002.0	67.29	943	4.9	9365
SHANKLE	5	3002.5	67.61	939	5.6	9555
SHANKLE	4	3003.0	68.63	941	5.8	9585
SHANKLE	4	3003.5	68.45	957	6.9	9.95
SHANKLE	4	3004.0	73.25	996	8.4	10.39
SHANKLE	4	3004.5	73.21	1039	7.7	9.95
SHANKLE	8	3005.0	76.24	1084	4.0	7.9
SHANKLE	8	3005.5	52.57	1118	-0.4	5215
SHANKLE	8	3006.0	32.84	1.12	-2.2	3455
SHANKLE	8	3006.5	25.16	1112	-1.6	2.89
SHANKLE	8	3007.0	25.16	1112	-1.6	2.89
SHANKLE	4	3007.5	26.22	1092	-0.4	3.4
SHANKLE	4	3008.0	65.36	1026	1.6	4715
NOLAN	2	2853.5	106813	533	9339	15222
NOLAN	3	2854.0	100938	542	8857	15313
NOLAN	3	2854.5	94375	553	7097	14583
NOLAN	3	2855.0	89813	554	7081	14.11
NOLAN	3	2855.5	91563	0.56	6733	13189
NOLAN	3	2856.0	87188	567	6578	12806
NOLAN	3	2856.5	84188	569	5569	12253
NOLAN	3	2857.0	84625	567	4861	12229
NOLAN	3	2857.5	90313	581	5634	13458
NOLAN	3	2858.0	91563	578	6443	17922
NOLAN	3	2858.5	85625	0.56	6897	19177
NOLAN	3	2859.0	74188	533	4634	17827
NOLAN	3	2859.5	65875	499	3571	13226
NOLAN	3	2860.0	63625	467	2563	13013
NOLAN	3	2860.5	65375	0.46	3922	13.46
NOLAN	2	2861.0	65813	453	3145	14.97
NOLAN	2	2861.5	64.5	441	3.31	15245
NOLAN	2	2862.0	65313	426	2439	14602
NOLAN	2	2862.5	67063	415	2877	14017
NOLAN	2	2863.0	70.25	401	2333	13585
NOLAN	2	2863.5	72125	383	1926	13406
NOLAN	2	2864.0	79563	357	2152	14205
NOLAN	2	2864.5	80563	332	3078	16844
NOLAN	2	2865.0	75813	0.31	5733	18242
NOLAN	2	2865.5	65625	295	6937	19674
NOLAN	2	2866.0	57.25	293	7.76	19584
NOLAN	2	2866.5	59625	292	6294	19487
NOLAN	2	2867.0	62.0	293	5391	18584
NOLAN	2	2867.5	68438	307	4007	17428
NOLAN	2	2868.0	71063	333	3218	16411
NOLAN	2	2868.5	71188	371	2909	14962
NOLAN	2	2869.0	70938	419	2838	13177
NOLAN	2	2869.5	66813	463	2855	12282
NOLAN	2	2870.0	69875	493	2702	11556
NOLAN	2	2870.5	73188	0.5	3026	11769
NOLAN	2	2871.0	81.0	486	3352	12322
NOLAN	2	2871.5	82188	457	3945	13144
NOLAN	2	2872.0	82063	421	5444	15.21
NOLAN	2	2872.5	77375	0.38	6592	16358
NOLAN	3	2873.0	74.75	341	6672	16326
NOLAN	5	2873.5	73688	0.31	6614	17409
NOLAN	5	2874.0	76.25	295	7123	19977
NOLAN	2	2874.5	73938	301	10693	21143
NOLAN	3	2875.0	75.5	323	8346	20.17
NOLAN	5	2875.5	77938	0.35	5703	16.27
NOLAN	5	2876.0	85.75	384	1.07	13579
NOLAN	5	2876.5	81875	438	969	9822
NOLAN	8	2877.0	75125	518	1062	7629
NOLAN	8	2877.5	73375	614	0.67	6898
NOLAN	8	2878.0	79938	696	442	6442
NOLAN	8	2878.5	89.5	749	0.54	6.54
NOLAN	6	2879.0	85813	767	1.25	6905
NOLAN	6	2879.5	75563	751	2104	7075
NOLAN	5	2880.0	60156	724	2.47	8125
NOLAN	5	2880.5	55938	703	2639	9324
NOLAN	6	2881.0	55063	685	2932	10984
NOLAN	4	2881.5	58844	658	4265	11.75
NOLAN	4	2882.0	55906	622	4477	11734
NOLAN	4	2882.5	54781	576	3558	11383
NOLAN	4	2883.0	56375	0.53	2147	10.89
NOLAN	6	2883.5	65125	498	2587	11329
NOLAN	6	2884.0	67813	487	5048	12872
NOLAN	4	2884.5	64938	495	7595	14.28
NOLAN	7	2885.0	58.5	511	9249	16044
NOLAN	7	2885.5	61313	523	8082	15111
NOLAN	7	2886.0	80563	529	6129	13842
NOLAN	7	2886.5	104438	0.54	4233	11.49
NOLAN	8	2887.0	116.5	566	2686	11084
NOLAN	8	2887.5	110875	612	1667	10638
NOLAN	8	2888.0	109313	664	755	10866
NOLAN	8	2888.5	108313	704	975	10402
NOLAN	6	2889.0	111688	727	1.09	10628
NOLAN	6	2889.5	100063	733	1139	9993
NOLAN	6	2890.0	100063	733	1139	9993
NOLAN	8	2890.5	95.0	0.73	1311	9.48
NOLAN	8	2891.0	80563	0.72	1565	8933
NOLAN	6	2891.5	63031	0.7	1.23	8487
NOLAN	6	2892.0	43813	667	702	8527
NOLAN	8	2892.5	33625	628	43	8551
NOLAN	8	2893.0	29656	591	472	9098
NOLAN	6	2893.5	26719	559	413	10524
NOLAN	6	2894.0	22641	531	1692	11687
NOLAN	8	2894.5	20953	0.5	1298	12667
NOLAN	8	2895.0	22562	0.47	924	12748
NOLAN	8	2895.5	24406	441	-136	12.49
NOLAN	8	2896.0	24875	418	299	12006
NOLAN	8	2896.5	25078	407	616	11.64
NOLAN	8	2897.0	24422	408	18	12872
NOLAN	8	2897.5	27781	415	-731	13719
NOLAN	8	2898.0	29734	429	-414	14037
NOLAN	8	2898.5	39656	446	486	12649
NOLAN	8	2899.0	48.75	462	1505	11727
NOLAN	8	2899.5	52406	486	1367	11133
NOLAN	6	2900.0	50188	522	1325	10.98
NOLAN	5	2900.5	54906	567	1359	10213
NOLAN	8	2901.0	68063	625	2214	9.7
NOLAN	6	2901.5	79813	702	3406	9289
NOLAN	4	2902.0	88.5	764	5345	9743
NOLAN	4	2902.5	85188	799	5.84	10127
NOLAN	4	2903.0	74188	795	4279	8905
NOLAN	4	2903.5	74188	795	4279	8905
NOLAN	5	2904.0	55406	739	2334	6504
NOLAN	6	2904.5	47875	676	446	4388
NOLAN	8	2905.0	58219	667	1984	5926
NOLAN	8	2905.5	79.25	671	1088	17369
NOLAN	3	2906.0	93125	664	0.0	27246
NOLAN	3	2906.5	94.25	649	1395	27267
NOLAN	3	2907.0	84875	612	808	20627
NOLAN	3	2907.5	77125	568	2991	14587
NOLAN	3	2908.0	70563	568	4263	13462
NOLAN	3	2908.5	61813	581	5689	12719
NOLAN	2	2909.0	62188	581	5641	12.67
NOLAN	2	2909.5	62563	569	5791	11446
NOLAN	2	2910.0	74.5	555	5529	11073
NOLAN	2	2910.5	84625	533	5446	13499
NOLAN	3	2911.0	94.25	525	4813	17.55
NOLAN	3	2911.5	101.0	531	6429	21452
NOLAN	3	2912.0	97.75	0.54	5759	23636
NOLAN	3	2912.5	90063	551	5239	21519
NOLAN	2	2913.0	79625	573	3499	17839
NOLAN	2	2913.5	73813	601	4323	12376
NOLAN	2	2914.0	77438	636	4629	9483
NOLAN	2	2914.5	72625	681	3464	7522
NOLAN	2	2915.0	69813	716	2422	7393
NOLAN	2	2915.5	65438	728	1631	7403
NOLAN	2	2916.0	65875	719	1158	7386
NOLAN	2	2916.5	67.25	693	916	7483
NOLAN	2	2917.0	67875	662	0.58	8404
NOLAN	2	2917.5	75.0	623	896	8381
NOLAN	2	2918.0	80938	578	1247	9.3
NOLAN	2	2918.5	86.75	0.55	2513	11256
NOLAN	2	2919.0	92125	528	1859	15.28
NOLAN	2	2919.5	95.0	504	2565	16331
NOLAN	2	2920.0	98625	498	2.98	17.43
NOLAN	2	2920.5	97.5	518	6042	19691
NOLAN	3	2921.0	92813	528	5913	24702
NOLAN	3	2921.5	72375	551	5425	24214
NOLAN	8	2922.0	48281	596	3.01	19402
NOLAN	8	2922.5	27.25	631	2861	13545
NOLAN	8	2923.0	19875	675	2844	9412
NOLAN	8	2923.5	16906	766	2.21	7409
NOLAN	8	2924.0	18391	845	1437	6.18
NOLAN	6	2924.5	21719	905	1495	5097
NOLAN	6	2925.0	25.75	961	1218	4592
NOLAN	8	2925.5	26438	992	1619	4192
NOLAN	8	2926.0	28031	971	1547	4459
NOLAN	8	2926.5	28875	944	892	4723
NOLAN	8	2927.0	33031	928	322	5977
NOLAN	8	2927.5	34469	919	1558	6645
NOLAN	5	2928.0	36875	0.92	2585	6643
NOLAN	5	2928.5	38688	933	1968	6138
NOLAN	5	2929.0	42625	941	845	5014
NOLAN	5	2929.5	42031	938	339	3713
NOLAN	6	2930.0	37.5	929	0.3	2873
NOLAN	6	2930.5	33281	919	546	2774
NOLAN	8	2931.0	38594	893	0.7	3841
NOLAN	8	2931.5	52688	847	0.82	4.99
NOLAN	2	2932.0	63938	782	1615	6.93
NOLAN	2	2932.5	74.0	721	3299	9299
NOLAN	2	2933.0	79813	676	4893	12.49
NOLAN	2	2933.5	91.25	653	6112	15422
NOLAN	2	2934.0	98.25	643	5027	15822
NOLAN	2	2934.5	98625	623	3709	13.82
NOLAN	2	2935.0	86.5	594	2686	10.4
NOLAN	2	2935.5	77313	567	2959	8614
NOLAN	3	2936.0	71938	546	4279	8905
NOLAN	3	2936.5	75.75	535	5234	12491
NOLAN	3	2937.0	83563	535	6867	17206
NOLAN	3	2937.5	93813	539	7596	20333
NOLAN	3	2938.0	99.5	538	7613	18754
NOLAN	3	2938.5	90813	532	5035	16059
NOLAN	3	2939.0	79813	534	4116	13315
NOLAN	2	2939.5	73313	535	3499	12809
NOLAN	1	2940.0	67625	547	3858	10888
NOLAN	1	2940.5	68063	576	3046	9502
NOLAN	1	2941.0	67625	597	2454	8337
NOLAN	1	2941.5	73688	597	3569	9908
NOLAN	3	2942.0	79.5	625	2096	20658
NOLAN	3	2942.5	82.5	658	-258	26186
NOLAN	3	2943.0	78.75	0.66	-3639	26344
NOLAN	3	2943.5	60.25	651	-5054	17847
NOLAN	8	2944.0	37125	0.64	-1233	11731
NOLAN	8	2944.5	20.75	624	2222	9936
NOLAN	8	2945.0	14414	657	1528	11411
NOLAN	8	2945.5	14117	721	-348	12506
NOLAN	8	2946.0	15938	0.76	-907	10917
NOLAN	8	2946.5	16797	779	-693	9.19
NOLAN	8	2947.0	18.25	795	198	7566
NOLAN	8	2947.5	18813	799	198	7566
NOLAN	8	2948.0	22641	802	1626	6.48
NOLAN	8	2948.5	28969	808	3541	5541
NOLAN	8	2949.0	30.5	813	4486	4889
NOLAN	8	2949.5	28.75	816	3868	5067
NOLAN	8	2950.0	23406	822	2603	6088
NOLAN	8	2950.5	20359	828	1714	6685
NOLAN	8	2951.0	16828	0.84	1235	6089
NOLAN	8	2951.5	19484	854	1365	4739
NOLAN	6	2952.0	23141	873	1311	3767
NOLAN	6	2952.5	26719	898	-26	4372
NOLAN	6	2953.0	26688	907	-705	4611
NOLAN	6	2953.5	25.75	882	-482	4144
NOLAN	8	2954.0	32906	839	0.03	3632
NOLAN	3	2954.5	55469	795	1023	4397
NOLAN	3	2955.0	81375	741	2505	6675
NOLAN	2	2955.5	98563	688	4586	10013
NOLAN	2	2956.0	102375	643	5.74	12424
NOLAN	2	2956.5	102188	601	6552	13809
NOLAN	2	2957.0	101.25	577	5038	13663
NOLAN	2	2957.5	102875	572	3579	13462
NOLAN	2	2958.0	103.25	572	2959	13643
NOLAN	2	2958.5	100688	577	2847	12.73
NOLAN	2	2959.0	95063	0.59	2977	12404
NOLAN	2	2959.5	89.0	607	3223	11621
NOLAN	2	2960.0	89125	624	2792	11417
NOLAN	2	2960.5	83063	642	2.1	10498
NOLAN	2	2961.0	76563	652	1783	10.18
NOLAN	2	2961.5	73.25	654	1856	10254
NOLAN	2	2962.0	79438	655	2849	11018
NOLAN	2	2962.5	89.0	653	3.64	11692
NOLAN	2	2963.0	85.5	641	3638	12036
NOLAN	2	2963.5	80.5	616	3192	11701
NOLAN	2	2964.0	73375	584	3028	11425
NOLAN	2	2964.5	74.75	546	3842	11783
NOLAN	2	2965.0	69063	513	4388	12897
NOLAN	2	2965.5	68375	489	5143	13997
NOLAN	2	2966.0	68313	473	4295	14406
NOLAN	2	2966.5	76813	462	5523	17231
NOLAN	2	2967.0	89875	467	6978	20171
NOLAN	3	2967.5	92.75	471	8101	20.61
NOLAN	3	2968.0	84875	467	5888	17256
NOLAN	5	2968.5	58375	462	3841	13151
NOLAN	5	2969.0	37969	467	3483	12337
NOLAN	8	2969.5	21266	0.48	3206	13.2
NOLAN	8	2970.0	17641	513	1941	14221
NOLAN	8	2970.5	15586	548	1257	13538
NOLAN	8	2971.0	15.0	574	1316	12112
NOLAN	8	2971.5	13617	596	1367	11133
NOLAN	8	2972.0	16.25	624	521	9831
NOLAN	8	2972.5	18781	626	-205	8994
NOLAN	8	2973.0	23219	602	-73	7641
NOLAN	8	2973.5	28328	565	2.51	8281
NOLAN	8	2974.0	45063	533	4381	11293
NOLAN	2	2974.5	65125	523	5516	14943
NOLAN	2	2975.0	83938	526	3957	16355
NOLAN	2	2975.5	82563	515	2854	14334
NOLAN	2	2976.0	75.5	493	1497	11491
NOLAN	2	2976.5	66.0	473	1604	9773
NOLAN	2	2977.0	67313	473	1.75	9236
NOLAN	2	2977.5	71.5	507	1.75	9236
NOLAN	2	2978.0	81.25	564	2996	10481
NOLAN	2	2978.5	90375	614	4566	11596
NOLAN	2	2979.0	92813	646	5413	12898
NOLAN	2	2979.5	87125	0.66	4698	12294
NOLAN	2	2980.0	77563	658	2914	10856
NOLAN	2	2980.5	73375	655	1.93	8959
NOLAN	2	2981.0	73438	663	1241	8036
NOLAN	2	2981.5	75.25	664	1355	7922
NOLAN	2	2982.0	76938	651	1622	8534
NOLAN	2	2982.5	80188	611	1913	9171
NOLAN	2	2983.0	88.5	564	1.97	9456
NOLAN	2	2983.5	98.5	526	1.98	10032
NOLAN	2	2984.0	107125	519	4313	13167
NOLAN	2	2984.5	108.75	535	6545	20311
NOLAN	3	2985.0	94563	549	9423	25587
NOLAN	5	2985.5	66813	567	6296	23489
NOLAN	8	2986.0	38781	588	1993	17245
NOLAN	8	2986.5	21016	611	-483	11225
NOLAN	8	2987.0	17484	665	898	6.67
NOLAN	8	2987.5	16234	753	-429	6483
NOLAN	8	2988.0	16672	832	-616	6524
NOLAN	8	2988.5	20172	903	1022	6449
NOLAN	4	2989.0	26953	949	2365	7108
NOLAN	5	2989.5	37594	931	2837	7124
NOLAN	5	2990.0	41188	838	2.13	6756
NOLAN	5	2990.5	43531	684	1667	5608
NOLAN	6	2991.0	42594	524	2746	8.29
NOLAN	6	2991.5	54031	385	3715	15084
NOLAN	3	2992.0	69.5	269	6086	22478
NOLAN	3	2992.5	74625	182	6257	24017
NOLAN	3	2993.0	63.75	114	7445	23609
NOLAN	3	2993.5	49469	56	9376	23827
NOLAN	3	2994.0	47656	12	9334	24357
NOLAN	3	2994.5	49375	-13	8292	23544
NOLAN	4	2995.0	48031	-19	5381	20059
NOLAN	8	2995.5	43.25	-12	3818	17813
NOLAN	8	2996.0	35844	14	2117	17024
NOLAN	8	2996.5	28859	46	1619	17326
NOLAN	8	2997.0	22609	77	1674	17955
NOLAN	8	2997.5	22188	98	1674	17955
NOLAN	8	2998.0	22266	102	886	17962
NOLAN	8	2998.5	30328	98	404	18053
NOLAN	8	2999.0	35313	0.1	103	17524
NOLAN	8	2999.5	46313	118	657	17166
NOLAN	8	3000.0	56594	152	772	17392
NOLAN	8	3000.5	64938	192	0.79	16153
NOLAN	8	3001.0	65.0	225	1096	13.26
NOLAN	8	3001.5	66438	249	2656	9112
NOLAN	8	3002.0	80.5	265	4468	7153
NOLAN	8	3002.5	93313	282	5942	8.17
NOLAN	8	3003.0	103125	295	5154	11154
NOLAN	8	3003.5	114.25	281	4109	14104
NOLAN	8	3004.0	131625	252	2.51	15703
NOLAN	8	3004.5	141.75	0.22	1815	16154
NOLAN	8	3005.0	129.5	192	1351	15.69
NOLAN	8	3005.5	120.25	176	1303	15982
NOLAN	8	3006.0	106625	172	2035	16374
NOLAN	8	3006.5	105.0	0.18	2762	16867
NOLAN	8	3007.0	97438	194	2.51	16387
NOLAN	8	3007.5	97688	215	1906	15672
NOLAN	5	3008.0	105875	243	1906	15672
NOLAN	5	3008.5	135625	279	1313	15191
NOLAN	5	3009.0	164.25	323	1.41	14264
NOLAN	5	3009.5	168375	376	1364	13528
NOLAN	8	3010.0	137875	434	981	12349
NOLAN	8	3010.5	98188	484	0.99	12242
NOLAN	8	3011.0	79188	519	655	11796
NOLAN	6	3011.5	76188	529	-93	10591
NOLAN	6	3012.0	88.25	0.52	-871	9123
NOLAN	8	3012.5	102.75	512	179	8805
NOLAN	8	3013.0	107563	517	3.99	11586
NOLAN	3	3013.5	110938	517	8549	14888
NOLAN	3	3014.0	104.0	501	9149	16974
NOLAN	3	3014.5	98563	474	5552	18862
NOLAN	3	3015.0	91125	447	3698	17347
NOLAN	3	3015.5	93125	425	3835	16233
NOLAN	3	3016.0	101938	422	6177	15259
NOLAN	3	3016.5	107313	426	6533	16416
NOLAN	3	3017.0	112563	424	7422	17188
NOLAN	3	3017.5	110375	427	6891	16546
NOLAN	3	3018.0	113.5	434	8294	16803
NOLAN	3	3018.5	107938	438	7729	18296
NOLAN	3	3019.0	103.5	448	7826	19762
NOLAN	3	3019.5	100.25	467	5943	19253
NOLAN	3	3020.0	94.5	483	5733	18242
NOLAN	3	3020.5	94.0	502	5628	16.54
NOLAN	2	3021.0	91188	526	6157	16841
NOLAN	2	3021.5	89938	545	6614	16725
NOLAN	3	3022.0	86.5	562	7713	17.14
NOLAN	3	3022.5	77938	576	7.04	15665
NOLAN	2	3023.0	76813	582	6162	14443
NOLAN	2	3023.5	77688	585	4795	13076
NOLAN	2	3024.0	77563	593	4761	13159
NOLAN	2	3024.5	78563	595	4461	12.97
NOLAN	2	3025.0	76.0	593	4411	13265
NOLAN	2	3025.5	80688	591	4974	12799
NOLAN	2	3026.0	82125	585	6129	13158
NOLAN	2	3026.5	84.5	0.57	6155	13523
NOLAN	2	3027.0	86688	557	5999	13484
NOLAN	2	3027.5	87.25	546	5884	13598
NOLAN	2	3028.0	87375	531	6392	13188
NOLAN	2	3028.5	87.0	518	5941	13883
NOLAN	2	3029.0	97375	519	7357	15299
NOLAN	2	3029.5	100563	515	6842	17865
NOLAN	2	3030.0	102625	516	6555	18152
NOLAN	2	3030.5	93.75	0.53	3788	17209
NOLAN	3	3031.0	94938	562	6043	16955
NOLAN	8	3031.5	81125	597	5.83	19023
NOLAN	8	3032.0	58188	643	6517	15.26
NOLAN	8	3032.5	32969	0.69	2971	11.14
NOLAN	8	3033.0	20969	734	2578	6748
NOLAN	8	3033.5	14461	782	1403	6947
NOLAN	8	3034.0	13609	859	948	7059
NOLAN	8	3034.5	13.25	908	-63	7534
NOLAN	8	3035.0	19219	909	336	7476
NOLAN	8	3035.5	19641	888	842	7.41
NOLAN	5	3036.0	24266	862	1437	6864
NOLAN	5	3036.5	26141	818	1.16	7727
NOLAN	5	3037.0	29594	773	2348	8687
NOLAN	5	3037.5	32938	734	3005	10374
NOLAN	5	3038.0	36844	697	3034	12005
NOLAN	5	3038.5	44188	667	2897	12435
NOLAN	5	3039.0	50625	661	3849	12703
NOLAN	4	3039.5	57.0	672	5339	12825
NOLAN	4	3040.0	57469	0.69	5764	13132
NOLAN	4	3040.5	48531	709	5243	12384
NOLAN	5	3041.0	40469	728	3199	10228
NOLAN	6	3041.5	32813	752	1314	8.11
NOLAN	5	3042.0	38563	0.79	809	6809
NOLAN	5	3042.5	46906	844	1924	7696
NOLAN	5	3043.0	54594	896	2275	8614
NOLAN	5	3043.5	51219	931	1239	8.38
NOLAN	5	3044.0	40688	0.94	-242	6443
NOLAN	5	3044.5	34406	939	-591	5181
NOLAN	5	3045.0	31297	0.95	-182	4333
NOLAN	5	3045.5	36469	967	169	4567
NOLAN	5	3046.0	38906	972	217	4959
NOLAN	5	3046.5	41906	969	117	5889
NOLAN	5	3047.0	38719	957	69	6181
NOLAN	5	3047.5	38125	938	288	6744
NOLAN	5	3048.0	41969	915	516	6516
NOLAN	5	3048.5	45031	0.89	1186	6.04
NOLAN	5	3049.0	47125	864	2279	5191
NOLAN	5	3049.5	57.75	838	1948	7036
NOLAN	4	3050.0	68375	0.82	2926	9037
NOLAN	6	3050.5	77313	814	3614	10644
NOLAN	6	3051.0	66313	815	4063	10976
NOLAN	8	3051.5	61406	811	3186	9753
NOLAN	8	3052.0	62438	808	2053	8738
NOLAN	8	3052.5	80875	806	1712	7712
NOLAN	8	3053.0	96.5	817	1956	7272
NOLAN	8	3053.5	120188	839	2635	7033
NOLAN	8	3054.0	165625	868	3205	7147
NOLAN	4	3054.5	219375	0.89	3504	8019
NOLAN	4	3055.0	247.5	909	3195	8622
NOLAN	4	3055.5	216.75	0.92	2845	8728
NOLAN	4	3056.0	166625	927	2713	8029
NOLAN	4	3056.5	119063	933	2689	8005
NOLAN	4	3057.0	96563	939	2528	7726
NOLAN	4	3057.5	78188	939	2023	8134
NOLAN	4	3058.0	78188	938	2249	8249
NOLAN	4	3058.5	70.75	936	2249	8249
NOLAN	4	3059.0	61.5	932	2.12	8231
NOLAN	4	3059.5	56813	926	1909	8248
NOLAN	4	3060.0	52281	921	1109	8022
NOLAN	4	3060.5	48438	913	1534	8329
NEWBY	3	2826.0	76.34	719	7.8	11.0
NEWBY	3	2826.5	83.74	688	9.7	12.55
NEWBY	3	2827.0	83.19	664	10.1	11.95
NEWBY	3	2827.5	80.44	648	10.1	11.15
NEWBY	3	2828.0	75.42	648	9.3	11.45
NEWBY	3	2828.5	71.5	663	9.2	11.6
NEWBY	3	2829.0	69.63	685	8.7	11.35
NEWBY	3	2829.5	70.01	705	8.6	11.1
NEWBY	3	2830.0	67.56	717	8.6	10.8
NEWBY	3	2830.5	67.33	719	7.3	10.75
NEWBY	3	2831.0	64.77	718	6.3	10.45
NEWBY	3	2831.5	64.8	715	5.7	10.05
NEWBY	2	2832.0	66.25	716	4.9	10.45
NEWBY	2	2832.5	66.55	719	6.4	10.4
NEWBY	2	2833.0	66.13	723	7.9	9.85
NEWBY	2	2833.5	65.54	723	8.1	8.65
NEWBY	2	2834.0	63.07	721	5.5	7.75
NEWBY	2	2834.5	59.71	0.72	3.7	7.05
NEWBY	2	2835.0	57.86	721	2.2	7.1
NEWBY	2	2835.5	54.8	723	1.0	7.4
NEWBY	2	2836.0	51.8	722	0.6	7.5
NEWBY	2	2836.5	52.62	717	1.3	7.45
NEWBY	2	2837.0	53.66	706	1.5	7.85
NEWBY	2	2837.5	55.79	688	2.1	8.25
NEWBY	2	2838.0	58.54	666	2.1	8.85
NEWBY	2	2838.5	60.95	639	2.1	9.65
NEWBY	2	2839.0	66.56	613	3.7	10.65
NEWBY	2	2839.5	70.88	589	5.6	11.4
NEWBY	2	2840.0	71.57	571	6.3	12.45
NEWBY	3	2840.5	72.53	555	6.3	13.45
NEWBY	3	2841.0	67.99	542	6.1	14.35
NEWBY	2	2841.5	60.31	525	5.0	14.1
NEWBY	2	2842.0	55.52	504	6.3	11.55
NEWBY	2	2842.5	56.07	486	5.0	11.0
NEWBY	2	2843.0	62.67	473	-2.6	15.8
NEWBY	2	2843.5	66.9	471	-2.2	21.4
NEWBY	2	2844.0	68.54	477	3.1	24.25
NEWBY	2	2844.5	68.7	483	3.3	22.85
NEWBY	5	2845.0	63.2	489	9.5	17.25
NEWBY	5	2845.5	60.33	493	11.6	15.6
NEWBY	5	2846.0	58.16	491	12.7	14.35
NEWBY	5	2846.5	52.61	481	9.9	11.45
NEWBY	3	2847.0	45.72	464	5.2	8.8
NEWBY	6	2847.5	35.92	441	4.5	7.95
NEWBY	6	2848.0	26.62	422	3.6	10.7
NEWBY	7	2848.5	24.14	398	5.9	12.55
NEWBY	7	2849.0	24.36	375	6.5	12.95
NEWBY	7	2849.5	23.28	0.35	6.5	11.85
NEWBY	7	2850.0	25.7	334	7.7	10.95
NEWBY	7	2850.5	28.2	336	8.2	11.2
NEWBY	7	2851.0	28.35	352	8.8	12.1
NEWBY	7	2851.5	31.71	377	9.0	12.8
NEWBY	7	2852.0	35.52	405	9.1	12.75
NEWBY	7	2852.5	39.11	431	9.3	12.55
NEWBY	5	2853.0	44.57	458	10.4	12.4
NEWBY	5	2853.5	54.42	0.49	11.1	12.35
NEWBY	5	2854.0	61.72	0.53	10.9	13.15
NEWBY	5	2854.5	66.81	577	11.9	13.55
NEWBY	4	2855.0	74.17	628	11.8	13.5
NEWBY	4	2855.5	82.18	679	9.2	12.5
NEWBY	4	2856.0	85.67	725	5.8	9.4
NEWBY	4	2856.5	87.06	761	1.6	6.3
NEWBY	4	2857.0	84.2	792	-1.2	4.6
NEWBY	8	2857.5	83.45	823	-1.9	4.35
NEWBY	8	2858.0	90.42	0.86	-1.3	5.75
NEWBY	6	2858.5	100.83	898	1.7	7.65
NEWBY	4	2859.0	108.34	0.93	4.9	9.65
NEWBY	4	2859.5	107.75	946	6.5	9.85
NEWBY	4	2860.0	92.63	945	5.3	8.55
NEWBY	4	2860.5	70.46	935	1.9	6.25
NEWBY	8	2861.0	55.67	924	-0.5	4.65
NEWBY	8	2861.5	49.35	919	-1.2	4.1
NEWBY	8	2862.0	46.82	918	-1.0	4.8
NEWBY	8	2862.5	48.11	0.91	-0.1	6.65
NEWBY	5	2863.0	51.66	886	1.5	8.65
NEWBY	5	2863.5	49.73	847	3.2	10.1
NEWBY	5	2864.0	51.46	801	4.1	11.25
NEWBY	4	2864.5	54.67	757	5.0	12.1
NEWBY	4	2865.0	56.96	721	5.2	12.4
NEWBY	4	2865.5	58.67	693	6.2	12.7
NEWBY	4	2866.0	61.19	675	6.6	12.9
NEWBY	4	2866.5	60.77	666	6.7	13.25
NEWBY	4	2867.0	60.99	661	6.2	13.5
NEWBY	4	2867.5	63.65	658	6.1	13.75
NEWBY	4	2868.0	66.98	654	6.0	13.8
NEWBY	4	2868.5	68.44	646	5.5	14.35
NEWBY	4	2869.0	71.39	638	5.0	14.8
NEWBY	4	2869.5	73.08	0.63	5.2	14.5
NEWBY	4	2870.0	71.86	624	4.9	14.75
NEWBY	4	2870.5	71.83	623	5.2	14.9
NEWBY	4	2871.0	70.27	624	5.8	15.1
NEWBY	4	2871.5	69.65	626	6.2	14.8
NEWBY	4	2872.0	66.78	631	5.7	14.15
NEWBY	4	2872.5	64.06	638	5.9	12.95
NEWBY	4	2873.0	60.24	651	5.1	11.65
NEWBY	4	2873.5	58.25	667	4.2	11.4
NEWBY	6	2874.0	56.79	687	3.5	10.95
NEWBY	6	2874.5	58.0	703	1.8	10.5
NEWBY	6	2875.0	60.75	0.71	0.8	10.6
NEWBY	4	2875.5	64.48	707	2.5	10.45
NEWBY	4	2876.0	65.37	693	4.1	10.25
NEWBY	4	2876.5	65.84	672	3.2	10.8
NEWBY	4	2877.0	67.38	0.65	2.7	11.45
NEWBY	4	2877.5	67.07	626	3.0	12.0
NEWBY	4	2878.0	65.28	603	3.6	12.8
NEWBY	4	2878.5	65.26	0.58	3.3	13.75
NEWBY	4	2879.0	63.4	559	3.1	13.85
NEWBY	4	2879.5	64.1	544	3.0	13.9
NEWBY	4	2880.0	66.77	542	2.7	14.45
NEWBY	4	2880.5	69.72	554	3.2	14.8
NEWBY	4	2881.0	71.0	0.58	4.4	15.2
NEWBY	4	2881.5	69.77	617	5.9	14.65
NEWBY	4	2882.0	64.39	665	5.5	12.45
NEWBY	4	2882.5	60.94	721	4.9	9.45
NEWBY	4	2883.0	56.89	785	3.4	7.1
NEWBY	6	2883.5	54.2	856	2.7	5.45
NEWBY	6	2884.0	53.14	923	1.3	4.35
NEWBY	6	2884.5	52.7	961	0.9	3.45
NEWBY	6	2885.0	51.93	946	0.7	3.65
NEWBY	8	2885.5	56.1	887	1.1	4.55
NEWBY	8	2886.0	61.49	805	2.5	5.95
NEWBY	5	2886.5	68.77	725	3.8	8.1
NEWBY	5	2887.0	78.57	658	-0.6	14.2
NEWBY	5	2887.5	85.47	0.61	-2.5	21.35
NEWBY	5	2888.0	88.63	583	-0.6	28.2
NEWBY	2	2888.5	88.97	569	-0.1	31.65
NEWBY	3	2889.0	84.66	567	0.2	30.2
NEWBY	3	2889.5	76.48	574	0.8	24.4
NEWBY	3	2890.0	69.35	595	-0.7	18.45
NEWBY	3	2890.5	63.07	0.63	7.7	10.55
NEWBY	3	2891.0	59.01	675	7.8	9.3
NEWBY	3	2891.5	59.94	719	8.8	8.0
NEWBY	3	2892.0	61.89	0.75	6.5	9.45
NEWBY	3	2892.5	63.84	763	6.0	10.1
NEWBY	3	2893.0	65.13	0.76	6.8	10.7
NEWBY	3	2893.5	65.86	745	6.8	11.2
NEWBY	3	2894.0	64.98	728	7.3	11.25
NEWBY	3	2894.5	63.13	713	6.7	11.25
NEWBY	3	2895.0	61.3	702	6.7	10.65
NEWBY	3	2895.5	59.07	695	6.6	10.5
NEWBY	3	2896.0	54.86	691	4.8	9.9
NEWBY	3	2896.5	52.06	688	3.1	9.45
NEWBY	2	2897.0	50.25	682	1.9	8.85
NEWBY	2	2897.5	49.94	671	1.0	8.6
NEWBY	2	2898.0	49.52	656	0.5	8.45
NEWBY	2	2898.5	50.38	644	0.9	8.35
NEWBY	2	2899.0	51.74	633	1.7	8.85
NEWBY	2	2899.5	54.38	623	3.3	9.95
NEWBY	2	2900.0	57.35	613	5.7	10.75
NEWBY	2	2900.5	60.11	0.6	7.2	11.0
NEWBY	2	2901.0	60.58	589	8.6	11.4
NEWBY	2	2901.5	62.39	0.59	8.2	12.6
NEWBY	2	2902.0	64.39	605	3.8	15.3
NEWBY	2	2902.5	63.97	632	0.4	19.4
NEWBY	2	2903.0	58.9	664	1.6	20.6
NEWBY	2	2903.5	49.15	0.69	-3.2	18.6
NEWBY	3	2904.0	37.28	713	-3.7	13.05
NEWBY	8	2904.5	37.28	713	-3.7	13.05
NEWBY	8	2905.0	24.56	743	-1.9	9.55
NEWBY	8	2905.5	18.18	785	-0.5	8.55
NEWBY	8	2906.0	15.89	841	1.5	8.05
NEWBY	8	2906.5	15.67	898	2.2	7.6
NEWBY	8	2907.0	15.77	932	1.0	7.1
NEWBY	8	2907.5	14.62	928	-0.1	6.35
NEWBY	8	2908.0	13.92	886	-0.3	5.85
NEWBY	8	2908.5	14.0	823	-0.2	6.0
NEWBY	8	2909.0	15.63	759	0.1	7.05
NEWBY	8	2909.5	18.49	708	0.8	9.2
NEWBY	7	2910.0	23.27	664	3.3	10.25
NEWBY	7	2910.5	29.04	627	5.5	10.85
NEWBY	7	2911.0	33.5	597	6.0	9.9
NEWBY	7	2911.5	35.92	575	7.3	8.65
NEWBY	7	2912.0	37.3	572	7.4	8.0
NEWBY	7	2912.5	37.93	587	5.0	8.9
NEWBY	7	2913.0	37.01	622	2.6	9.1
NEWBY	5	2913.5	34.72	671	0.6	8.8
NEWBY	5	2914.0	33.39	723	-1.2	7.9
NEWBY	6	2914.5	32.48	769	-1.6	6.8
NEWBY	6	2915.0	30.69	806	-1.6	6.2
NEWBY	6	2915.5	30.51	833	-0.5	5.45
NEWBY	8	2916.0	29.42	846	0.3	4.95
NEWBY	8	2916.5	30.47	842	-0.8	5.3
NEWBY	6	2917.0	32.09	822	-1.4	6.4
NEWBY	6	2917.5	32.14	0.79	-2.3	8.15
NEWBY	8	2918.0	32.99	757	-4.5	10.25
NEWBY	8	2918.5	31.58	727	-6.9	11.95
NEWBY	8	2919.0	29.07	706	-7.3	12.75
NEWBY	8	2919.5	29.97	693	-6.7	12.95
NEWBY	8	2920.0	37.44	688	-5.5	12.25
NEWBY	8	2920.5	52.59	687	-4.1	10.65
NEWBY	6	2921.0	68.18	684	-2.3	8.35
NEWBY	6	2921.5	80.25	674	-0.6	7.3
NEWBY	8	2922.0	86.51	0.65	1.8	7.9
NEWBY	8	2922.5	86.09	616	5.2	8.9
NEWBY	4	2923.0	86.09	616	5.2	8.9
NEWBY	4	2923.5	83.41	579	2.3	14.45
NEWBY	3	2924.0	84.51	545	1.3	19.65
NEWBY	3	2924.5	85.03	521	4.3	25.15
NEWBY	3	2925.0	87.36	0.5	7.2	28.7
NEWBY	2	2925.5	85.73	481	9.3	28.35
NEWBY	2	2926.0	80.2	465	7.0	24.5
NEWBY	2	2926.5	76.12	456	3.5	19.35
NEWBY	2	2927.0	74.5	467	10.2	14.1
NEWBY	2	2927.5	73.97	498	5.9	16.85
NEWBY	3	2928.0	71.24	545	5.1	20.15
NEWBY	3	2928.5	66.7	605	6.7	21.15
NEWBY	6	2929.0	66.7	605	6.7	21.15
NEWBY	6	2929.5	59.42	663	3.1	18.05
NEWBY	6	2930.0	49.0	713	-0.2	13.7
NEWBY	6	2930.5	39.46	0.76	-0.9	10.25
NEWBY	9	2931.0	32.31	816	-4.2	10.3
NEWBY	9	2931.5	26.09	886	-8.5	11.75
NEWBY	9	2932.0	22.37	0.96	-10.4	12.2
NEWBY	9	2932.5	19.97	1.01	-11.4	11.7
NEWBY	9	2933.0	18.36	1013	-11.1	10.25
NEWBY	9	2933.5	16.5	964	-8.2	7.7
NEWBY	9	2934.0	14.84	0.88	-5.0	5.7
NEWBY	9	2934.5	15.72	786	-5.6	6.4
NEWBY	8	2935.0	17.86	0.7	-6.3	8.45
NEWBY	8	2935.5	19.9	623	-7.7	11.45
NEWBY	8	2936.0	22.42	561	-9.5	14.45
NEWBY	8	2936.5	22.62	517	-10.2	16.1
NEWBY	8	2937.0	20.93	489	-9.8	16.2
NEWBY	8	2937.5	19.85	0.48	-8.9	15.65
NEWBY	8	2938.0	18.3	494	-7.7	14.65
NEWBY	6	2938.5	19.39	531	-6.7	13.35
NEWBY	6	2939.0	24.34	585	-5.0	11.2
NEWBY	6	2939.5	29.67	646	-3.2	8.4
NEWBY	6	2940.0	33.9	709	-2.2	6.3
NEWBY	6	2940.5	39.83	757	-1.5	4.95
NEWBY	6	2941.0	44.94	794	-0.4	4.7
NEWBY	4	2941.5	48.55	814	0.0	6.2
NEWBY	3	2942.0	57.21	779	3.8	8.5
NEWBY	3	2942.5	60.19	732	3.8	9.0
NEWBY	3	2943.0	60.63	684	4.0	9.4
NEWBY	3	2943.5	64.74	645	-2.3	14.75
NEWBY	3	2944.0	72.79	623	-2.9	18.95
NEWBY	3	2944.5	78.41	614	-1.7	22.15
NEWBY	3	2945.0	83.39	607	-0.9	21.65
NEWBY	3	2945.5	82.25	0.6	1.9	17.85
NEWBY	3	2946.0	75.88	592	7.3	12.25
NEWBY	2	2946.5	72.24	589	2.9	12.45
NEWBY	2	2947.0	67.99	589	3.5	11.95
NEWBY	3	2947.5	65.41	0.59	3.9	11.45
NEWBY	3	2948.0	64.93	588	3.3	10.65
NEWBY	2	2948.5	61.87	579	1.8	11.1
NEWBY	2	2949.0	59.81	565	3.9	10.85
NEWBY	2	2949.5	60.59	547	5.0	11.6
NEWBY	2	2950.0	65.68	529	6.1	11.75
NEWBY	2	2950.5	73.12	519	7.0	12.1
NEWBY	2	2951.0	77.69	0.52	8.5	12.85
NEWBY	3	2951.5	77.23	537	10.0	13.9
NEWBY	3	2952.0	72.51	567	11.2	14.1
NEWBY	3	2952.5	59.53	605	10.2	13.3
NEWBY	5	2953.0	59.53	605	10.2	13.3
NEWBY	8	2953.5	46.1	644	6.5	12.45
NEWBY	8	2954.0	34.9	0.68	2.6	8.5
NEWBY	8	2954.5	27.06	711	-0.4	6.7
NEWBY	8	2955.0	23.8	724	0.1	6.05
NEWBY	8	2955.5	23.73	714	2.1	5.95
NEWBY	8	2956.0	25.3	677	3.7	6.85
NEWBY	8	2956.5	30.73	627	4.7	8.05
NEWBY	5	2957.0	40.11	583	5.2	9.8
NEWBY	9	2957.5	51.02	553	3.6	12.3
NEWBY	3	2958.0	59.94	533	4.1	14.55
NEWBY	3	2958.5	66.64	521	5.9	14.85
NEWBY	2	2959.0	67.56	512	3.2	12.7
NEWBY	2	2959.5	64.7	512	2.3	10.55
NEWBY	2	2960.0	62.96	522	2.2	9.5
NEWBY	2	2960.5	63.92	544	2.4	9.7
NEWBY	3	2961.0	66.19	569	3.1	10.35
NEWBY	2	2961.5	67.73	591	4.9	10.75
NEWBY	2	2962.0	69.53	603	6.0	11.4
NEWBY	2	2962.5	69.57	609	6.2	11.5
NEWBY	2	2963.0	66.4	606	4.5	10.65
NEWBY	2	2963.5	63.73	602	2.7	9.65
NEWBY	2	2964.0	61.19	598	2.3	8.85
NEWBY	2	2964.5	61.34	593	2.2	8.8
NEWBY	2	2965.0	63.16	587	2.2	9.5
NEWBY	2	2965.5	67.6	581	2.7	10.05
NEWBY	2	2966.0	72.68	579	3.6	10.8
NEWBY	2	2966.5	76.58	587	6.5	11.35
NEWBY	3	2967.0	76.67	605	7.8	13.5
NEWBY	3	2967.5	72.12	629	8.8	15.1
NEWBY	8	2968.0	60.07	656	7.7	13.75
NEWBY	8	2968.5	48.91	681	4.9	10.65
NEWBY	8	2969.0	39.4	708	5.4	7.3
NEWBY	8	2969.5	33.8	736	1.6	7.7
NEWBY	6	2970.0	34.66	757	1.5	7.75
NEWBY	6	2970.5	36.28	766	2.6	6.4
NEWBY	6	2971.0	34.45	753	2.9	5.75
NEWBY	6	2971.5	30.67	0.72	2.7	6.25
NEWBY	5	2972.0	26.59	668	4.6	6.5
NEWBY	5	2972.5	23.77	609	5.5	6.35
NEWBY	6	2973.0	25.2	0.55	4.9	6.65
NEWBY	6	2973.5	29.99	0.5	5.3	7.25
NEWBY	4	2974.0	37.46	461	6.1	8.85
NEWBY	2	2974.5	47.6	433	7.8	11.5
NEWBY	2	2975.0	57.5	0.41	9.3	14.95
NEWBY	3	2975.5	68.77	389	9.4	19.0
NEWBY	3	2976.0	80.03	373	9.8	20.6
NEWBY	3	2976.5	84.28	358	9.0	21.8
NEWBY	3	2977.0	85.4	346	11.2	20.9
NEWBY	3	2977.5	88.92	338	12.6	19.9
NEWBY	3	2978.0	89.45	336	13.2	19.8
NEWBY	3	2978.5	90.91	342	12.9	20.05
NEWBY	3	2979.0	97.24	356	14.2	20.1
NEWBY	3	2979.5	100.16	382	13.0	21.7
NEWBY	3	2980.0	100.42	0.42	13.8	23.0
NEWBY	3	2980.5	94.18	464	11.8	22.9
NEWBY	3	2981.0	94.18	464	11.8	22.9
NEWBY	8	2981.5	81.3	513	8.4	20.6
NEWBY	8	2982.0	64.21	571	3.4	15.0
NEWBY	8	2982.5	48.35	639	2.5	9.95
NEWBY	8	2983.0	36.53	0.72	1.3	7.95
NEWBY	8	2983.5	33.58	797	3.1	6.95
NEWBY	6	2984.0	34.97	866	2.9	6.95
NEWBY	6	2984.5	37.31	917	2.8	6.2
NEWBY	5	2985.0	38.17	944	2.7	5.35
NEWBY	5	2985.5	38.05	957	2.8	4.7
NEWBY	5	2986.0	35.15	957	2.1	4.15
NEWBY	5	2986.5	32.92	947	1.4	3.1
NEWBY	5	2987.0	30.87	927	0.8	2.6
NEWBY	6	2987.5	30.25	894	-0.4	3.3
NEWBY	6	2988.0	31.22	846	-1.4	5.5
NEWBY	6	2988.5	34.06	0.78	-1.9	7.95
NEWBY	6	2989.0	35.49	704	-2.8	9.8
NEWBY	6	2989.5	36.73	617	-3.2	10.7
NEWBY	9	2990.0	37.54	542	-4.8	12.2
NEWBY	9	2990.5	35.97	0.48	-5.7	14.35
NEWBY	9	2991.0	35.91	433	-6.2	16.4
NEWBY	9	2991.5	36.21	396	-7.0	17.3
NEWBY	9	2992.0	34.79	371	-7.1	17.45
NEWBY	9	2992.5	34.92	358	-7.1	17.75
NEWBY	9	2993.0	35.83	358	-6.2	17.6
NEWBY	9	2993.5	35.65	367	-4.9	16.65
NEWBY	9	2994.0	37.74	375	-5.3	15.95
NEWBY	9	2994.5	41.79	377	-5.0	14.9
NEWBY	9	2995.0	46.41	369	-5.1	14.35
NEWBY	9	2995.5	51.44	356	-6.1	14.95
NEWBY	9	2996.0	54.21	344	-5.8	16.1
NEWBY	9	2996.5	52.96	0.34	-5.3	17.45
NEWBY	9	2997.0	50.39	346	-4.2	18.3
NEWBY	9	2997.5	50.0	0.36	-3.7	17.55
NEWBY	9	2998.0	60.82	384	-3.8	15.2
NEWBY	9	2998.5	99.31	418	-3.4	11.6
NEWBY	6	2999.0	166.94	464	-2.5	8.25
NEWBY	6	2999.5	235.25	526	-0.1	5.85
NEWBY	6	3000.0	285.47	599	3.0	4.6
NEWBY	6	3000.5	305.87	666	4.4	4.8
NEWBY	6	3001.0	291.37	703	4.9	5.05
NEWBY	6	3001.5	252.41	0.7	4.2	5.9
NEWBY	8	3002.0	208.53	669	0.3	10.15
NEWBY	5	3002.5	169.07	631	-0.2	15.0
NEWBY	3	3003.0	136.52	594	2.5	17.75
NEWBY	3	3003.5	108.53	561	6.2	20.7
NEWBY	3	3004.0	89.16	533	10.4	19.6
NEWBY	3	3004.5	80.39	513	13.5	18.25
NEWBY	3	3005.0	78.07	501	14.3	18.05
NEWBY	3	3005.5	76.31	496	13.7	18.35
NEWBY	3	3006.0	72.35	497	13.2	18.6
NEWBY	3	3006.5	74.77	504	11.8	19.3
NEWBY	3	3007.0	75.05	515	11.5	19.55
NEWBY	3	3007.5	71.98	529	10.5	19.35
NEWBY	3	3008.0	71.05	542	10.4	17.9
NEWBY	3	3008.5	68.96	549	10.7	15.75
NEWBY	2	3009.0	64.84	554	10.6	13.6
NEWBY	2	3009.5	65.22	558	10.6	12.6
NEWBY	2	3010.0	66.6	565	10.8	13.5
NEWBY	2	3010.5	68.59	574	12.4	14.6
NEWBY	2	3011.0	73.44	585	12.6	16.7
NEWBY	2	3011.5	76.76	595	14.4	16.7
NEWBY	2	3012.0	78.76	603	14.2	16.6
NEWBY	2	3012.5	80.33	607	12.5	16.15
NEWBY	2	3013.0	77.14	613	9.8	15.7
NEWBY	2	3013.5	71.91	621	9.5	13.95
NEWBY	2	3014.0	68.44	631	8.8	13.0
NEWBY	2	3014.5	64.99	0.64	10.6	11.3
NEWBY	2	3015.0	64.47	643	8.6	12.1
NEWBY	2	3015.5	64.96	632	9.1	12.15
NEWBY	2	3016.0	66.29	609	9.9	12.55
NEWBY	2	3016.5	67.6	577	10.4	12.8
NEWBY	2	3017.0	67.43	545	8.0	15.8
NEWBY	2	3017.5	68.87	0.52	5.8	19.5
NEWBY	2	3018.0	73.88	502	6.1	21.45
NEWBY	2	3018.5	77.89	0.49	6.5	23.15
NEWBY	2	3019.0	83.49	484	6.3	23.15
NEWBY	2	3019.5	87.98	484	9.9	21.65
NEWBY	2	3020.0	86.45	497	9.5	21.25
NEWBY	2	3020.5	86.29	521	10.3	19.95
NEWBY	2	3021.0	82.18	565	14.1	17.95
NEWBY	2	3021.5	77.07	621	8.9	20.65
NEWBY	2	3022.0	72.45	689	8.5	21.65
NEWBY	2	3022.5	63.1	753	4.9	20.55
NEWBY	2	3023.0	49.23	806	-1.4	15.3
NEWBY	8	3023.5	37.7	852	0.8	9.0
NEWBY	8	3024.0	26.37	0.89	2.4	6.1
NEWBY	6	3024.5	19.57	916	0.6	7.0
NEWBY	6	3025.0	17.32	916	0.4	7.0
NEWBY	6	3025.5	17.09	891	0.2	6.1
NEWBY	6	3026.0	19.53	856	-0.1	5.75
NEWBY	6	3026.5	25.62	826	0.7	6.25
NEWBY	6	3027.0	33.05	808	2.5	7.85
NEWBY	6	3027.5	42.69	796	5.2	9.9
NEWBY	6	3028.0	47.37	786	6.1	10.75
NEWBY	6	3028.5	47.9	781	6.0	9.9
NEWBY	6	3029.0	45.19	787	4.5	8.95
NEWBY	6	3029.5	40.54	812	3.5	8.55
NEWBY	6	3030.0	38.91	851	2.7	8.45
NEWBY	6	3030.5	39.62	898	2.2	8.1
NEWBY	6	3031.0	38.84	936	2.7	6.85
NEWBY	6	3031.5	37.8	961	1.0	6.0
NEWBY	6	3032.0	35.03	979	0.2	5.1
NEWBY	6	3032.5	33.44	999	-0.3	4.95
NEWBY	6	3033.0	36.21	1024	0.1	5.75
NEWBY	6	3033.5	40.89	1.05	1.4	6.8
NEWBY	6	3034.0	43.3	1063	2.6	7.4
NEWBY	6	3034.5	43.27	1.06	1.9	7.05
NEWBY	6	3035.0	38.84	1048	0.3	5.45
NEWBY	6	3035.5	35.26	1.04	-1.0	4.6
NEWBY	6	3036.0	31.52	1039	-1.0	4.4
NEWBY	6	3036.5	34.32	1042	0.4	4.7
NEWBY	6	3037.0	37.35	1043	1.5	5.65
NEWBY	6	3037.5	39.69	1035	2.4	6.4
NEWBY	6	3038.0	43.08	1024	2.1	7.05
NEWBY	6	3038.5	46.27	1015	1.5	7.15
NEWBY	6	3039.0	47.77	1009	1.0	7.4
NEWBY	6	3039.5	49.96	1008	0.3	7.45
NEWBY	6	3040.0	51.09	1008	1.3	6.65
NEWBY	6	3040.5	50.21	1007	1.6	5.7
NEWBY	6	3041.0	50.4	1003	2.0	5.5
NEWBY	6	3041.5	50.99	994	3.1	5.75
NEWBY	6	3042.0	49.18	973	3.4	6.6
NEWBY	6	3042.5	48.64	0.94	4.1	6.85
NEWBY	6	3043.0	47.11	909	3.9	7.25
NEWBY	6	3043.5	48.61	889	2.9	7.85
NEWBY	4	3044.0	55.32	888	3.0	8.3
NEWBY	4	3044.5	60.5	907	4.2	9.0
NEWBY	6	3045.0	69.16	939	6.3	9.45
NEWBY	6	3045.5	77.53	979	6.6	8.0
NEWBY	6	3046.0	76.88	1022	4.3	6.15
NEWBY	9	3046.5	70.4	1064	2.4	4.0
NEWBY	9	3047.0	63.2	1101	1.4	2.4
NEWBY	9	3047.5	53.89	1118	-0.4	2.3
NEWBY	9	3048.0	56.2	1107	-1.2	2.7
NEWBY	6	3048.5	78.23	1074	-0.4	3.1
NEWBY	6	3049.0	112.92	1022	-0.8	5.1
NEWBY	6	3049.5	144.15	963	0.4	7.7
NEWBY	4	3050.0	157.21	899	4.1	9.95
NEWBY	5	3050.5	152.6	839	5.6	11.4
NEWBY	4	3051.0	140.93	792	6.1	12.25
NEWBY	4	3051.5	122.45	761	6.6	13.3
NEWBY	4	3052.0	110.67	748	7.5	15.15
NEWBY	4	3052.5	108.85	754	7.3	15.85
NEWBY	4	3053.0	105.74	775	8.5	16.05
NEWBY	4	3053.5	100.04	803	9.5	16.85
NEWBY	4	3054.0	92.64	828	9.5	16.05
NEWBY	6	3054.5	80.47	841	6.8	12.5
NEWBY	6	3055.0	66.94	838	4.0	8.0
NEWBY	6	3055.5	54.06	823	1.9	5.45
NEWBY	6	3056.0	47.87	797	0.7	4.85
NEWBY	6	3056.5	49.34	763	2.3	4.85
NEWBY	8	3057.0	59.88	721	3.2	7.2